2 342 343
2 49 346
2 309 308
2 349 305
2 303 51
2 53 354
2 355 297
2 357 296
2 293 291
2 290 287
2 281 57
2 275 366
2 272 368
2 270 370
2 30 58
2 265 374
2 262 260
2 257 255
2 253 380
2 381 383
2 382 62
2 248 386
2 246 243
2 389 241
2 239 238
2 393 63
2 232 229
2 228 398
2 227 224
2 223 402
2 222 404
2 220 406
2 216 408
2 215 67
2 211 68
2 413 209
2 415 416
2 417 418
2 206 205
2 202 194
2 191 74
2 184 426
2 183 75
2 428 179
2 178 176
2 173 171
2 435 436
2 169 168
2 167 440
2 77 157
2 161 82
2 150 146
2 145 143
2 142 83
2 140 137
2 135 134
2 133 456
2 457 458
2 131 127
2 130 126
2 9 464
2 465 466
2 125 122
2 469 470
2 471 84
3 162 163 3
3 364 438 437
3 276 31 268
3 263 375 105
3 384 91 177
3 431 10 180
3 467 429 427
3 6 8 388
3 242 188 424
3 71 23 192
3 123 422 391
3 392 474 235
3 394 397 201
3 24 203 399
3 225 121 400
3 472 403 412
3 65 117 218
3 214 407 119
3 217 66 27
3 116 411 26
3 401 207 25
3 226 204 200
3 115 136 114
3 395 233 468
3 198 69 237
3 70 195 390
3 112 124 186
3 244 245 185
3 247 425 109
3 432 251 461
3 379 254 378
3 107 377 106
3 259 29 128
3 174 172 59
3 373 372 267
3 22 269 76
3 104 490 129
3 274 365 460
3 101 78 164
3 280 363 282
3 160 284 285
3 56 79 100
3 289 361 80
3 494 359 81
3 295 32 152
3 153 54 151
3 132 148 446
3 304 36 50
3 307 144 347
3 450 95 341
3 339 16 46
3 40 332 41
3 45 138 453
3 44 325 92
3 323 43 327
3 321 42 318
3 331 317 316
3 39 37 313
3 335 338 340
3 314 312 344
4 93 118 85 87
4 333 476 477 478
4 97 479 480 481
4 35 110 483 88
4 369 485 4 487
4 28 488 489 103
4 286 491 102 493
4 420 98 2 496
4 423 96 94 250
4 141 156 301 158
4 443 213 234 264
4 221 448 451 261
4 210 452 434 298
4 463 376 371 52
4 166 475 350 155
4 499 208 320 498
4 311 34 356 292
4 360 288 277 273
4 367 271 60 258
4 61 5 249 385
4 387 240 236 231
4 396 405 219 473
4 409 324 199 187
4 419 193 181 430
4 175 433 439 20
4 19 445 455 147
4 15 230 328 336
4 90 139 345 18
4 449 348 447 13
4 351 302 149 497
4 353 55 89 444
4 294 99 459 159
4 362 283 442 278
4946
