161
2 326 47
2 33 300
2 12 482
2 165 14
2 21 322
2 421 330
2 1 256
2 315 299
2 454 306
2 279 358
2 352 492
2 86 17
2 154 334
2 414 7
2 189 212
2 319 495
2 120 337
2 141 484
2 156 301
2 158 170
2 182 73
2 410 72
2 266 462
2 11 443
2 213 64
2 234 221
2 448 451
2 210 452
2 261 264
2 434 298
2 463 376
2 371 166
2 475 52
2 350 155
2 310 48
2 38 113
2 486 111
2 108 329
2 0 499
2 208 320
2 498 311
2 34 356
2 292 360
2 288 277
2 273 367
2 271 60
2 258 61
2 5 249
2 385 387
2 240 236
2 231 396
3 405 219 473
3 409 324 199
3 419 193 187
3 181 430 175
3 433 439 20
3 19 445 455
3 147 15 230
3 328 90 139
3 336 345 449
3 18 348 447
3 351 13 302
3 149 497 353
3 55 89 444
3 294 99 459
3 362 159 283
3 442 162 163
3 364 278 3
3 276 438 437
3 31 268 375
3 263 105 384
3 91 177 431
3 10 180 467
3 429 427 6
3 8 388 242
3 188 424 23
3 71 192 123
3 422 391 392
3 474 235 394
3 397 201 24
3 203 399 225
3 121 400 472
3 403 412 65
3 117 218 214
3 407 119 217
3 66 27 116
3 411 26 401
3 207 25 226
3 204 200 115
3 136 114 395
3 233 468 198
3 69 237 70
3 195 112 390
3 124 186 244
3 245 185 247
3 425 109 432
3 251 461 379
3 254 378 107
3 377 106 259
3 29 174 128
3 172 59 373
3 372 267 22
3 269 76 104
3 490 129 274
3 365 460 101
3 78 164 363
3 280 282 160
3 284 285 56
3 79 100 361
3 289 80 494
3 359 81 295
4 32 153 152 54
4 151 132 148 446
4 304 36 50 144
4 307 347 450 16
4 95 341 46 40
4 339 332 41 45
4 138 453 44 325
4 92 323 43 327
4 321 42 318 331
4 317 316 39 312
4 335 37 313 342
4 314 338 340 49
4 343 344 309 308
4 346 349 305 51
4 303 53 355 297
4 354 357 296 290
4 293 291 287 281
4 57 275 366 272
4 368 270 370 30
4 58 265 374 260
4 262 255 253 380
4 257 381 383 62
4 382 248 386 246
4 243 389 241 238
4 239 393 63 232
4 229 228 398 227
4 224 223 404 220
4 402 222 216 408
4 406 215 67 68
4 211 413 415 416
4 209 417 418 205
4 206 202 194 184
4 191 74 183 75
4 426 428 179 178
4 176 173 171 435
4 436 169 168 167
4 440 77 157 82
4 161 150 146 145
4 143 142 83 140
4 137 135 134 133
4 456 457 458 131
4 130 127 126 464
4 9 465 466 125
4 122 469 470 471
4 84 118 85 87
4 476 477 478 479
4 480 481 483 88
4 110 485 4 487
4 488 489 103 491
4 102 493 98 2
