2 7060 1494
2 9819 7541
2 7946 4709
2 5294 2470
2 2012 1196
2 2451 6692
2 8493 9954
2 7835 9205
2 8086 5409
2 4211 5316
2 3213 7580
2 2586 8064
2 1788 1679
2 8080 361
2 2878 1284
2 863 291
2 8960 3949
2 8686 5379
2 3860 831
2 1799 1230
2 3327 5343
2 1993 703
2 8282 1188
2 1868 203
2 1180 2550
2 2356 3784
2 9323 9737
2 5148 6456
2 6457 8379
2 1119 4996
2 3859 2382
2 6279 9999
2 782 5694
2 2384 509
2 5410 1323
2 388 1818
2 8875 2035
2 280 7807
2 7965 7479
2 1611 4
2 405 935
2 4621 8412
2 8726 1105
2 8406 2498
2 693 7669
2 3247 2483
2 7507 3821
2 5779 1335
2 1732 6843
2 9372 4330
2 227 6233
2 1111 200
2 4344 8985
2 7753 5051
2 3394 4664
2 9807 1133
2 258 922
2 4254 2378
2 8955 2579
2 2324 8970
2 2789 8410
2 1046 1135
2 5833 6407
2 4632 3787
2 8784 268
2 7251 4633
2 5699 9663
2 4675 7307
2 1074 4734
2 4950 6085
2 9102 3389
2 9636 9724
2 9742 9604
2 8523 318
2 8791 4979
2 4107 3292
2 6635 662
2 6500 8461
2 1029 6983
2 2942 3922
2 5844 2373
2 5977 9701
2 5356 2086
2 2541 983
2 4461 376
2 1987 2311
2 7667 2386
2 7791 2405
2 3639 1553
2 811 3386
2 7092 6371
2 794 491
2 9162 2410
2 2030 9533
2 8491 8164
2 2508 741
2 3199 173
2 8374 3827
2 9644 7322
2 7399 4425
2 9717 8602
2 6434 5005
2 5177 5327
2 4371 9557
2 2676 3385
2 9148 2715
2 6158 8731
2 9186 9632
2 342 4810
2 1918 7340
2 6647 3866
2 7820 621
2 2883 8136
2 8725 1534
2 4273 3756
2 5413 5885
2 7627 4369
2 5266 8872
2 6420 409
2 872 7706
2 1992 9773
2 7992 5187
2 4220 9342
2 3008 6254
2 3819 2825
2 6242 7712
2 5643 148
2 4978 917
2 4323 1329
2 7069 1897
2 2747 5073
2 7636 1969
2 195 6678
2 1415 69
2 3799 1063
2 984 1705
2 5957 7832
2 8857 9609
2 4435 3935
2 2934 3794
2 3267 821
2 1439 7228
2 1045 9282
2 4651 9977
2 5210 1554
2 1206 3225
2 5399 7093
2 2172 7408
2 437 3227
2 4356 7393
2 2884 508
2 312 4260
2 3144 605
2 7033 5840
2 2427 1610
2 2873 3474
2 901 7736
2 6174 8758
2 7938 7276
2 6480 6234
2 4237 9963
2 3620 5853
2 4032 4807
2 9159 8728
2 4103 5979
2 6499 7264
2 8879 4214
2 3058 1731
2 5265 435
2 5883 652
2 5470 5167
2 2503 9362
2 483 2803
2 4535 3466
2 5045 5361
2 2166 8613
2 7243 7165
2 9327 7547
2 3636 987
2 9011 4224
2 4860 194
2 9822 5745
2 8535 7172
2 8780 6841
2 9775 8770
2 4822 2996
2 8507 179
2 8395 1654
2 7915 7793
2 4372 9070
2 5508 6901
2 6077 7588
2 9787 4758
2 2500 2425
2 1305 5350
2 8570 8142
2 5340 6675
2 2330 8778
2 6654 7416
2 7097 9380
2 8144 3476
2 3082 111
2 4891 8877
2 8311 6187
2 4577 4972
2 4890 2170
2 9749 192
2 8786 9415
2 8117 6853
2 209 184
2 7059 2556
2 1142 596
2 118 303
2 7639 7427
2 2206 3530
2 4732 7789
2 3984 2769
2 3879 5279
2 729 4175
2 6128 3044
2 5557 6141
2 7883 3777
2 482 7942
2 7561 9931
2 8361 9421
2 9264 4285
2 8961 1728
2 478 5067
2 8038 9218
2 4376 9571
2 3189 7578
2 8224 7856
2 8114 8417
2 7086 5107
2 8405 1831
2 7098 2520
2 1614 8975
2 4952 230
2 3716 8135
2 3717 6614
2 1517 3493
2 5906 9556
2 6156 6902
2 4724 5696
2 2812 1485
2 2808 7741
2 908 1972
2 8272 121
2 2485 8061
2 3727 7075
2 5747 1695
2 6308 6411
2 2974 2771
2 8244 4523
2 2512 7590
2 5993 9436
2 274 5983
2 4470 8075
2 2039 7606
2 4899 4232
2 9793 5483
2 7077 6937
2 6720 6833
2 1350 4699
2 1625 9031
2 7187 6559
2 6682 7045
2 7847 6177
2 7483 1496
2 8009 3685
2 2098 156
2 5504 781
2 8462 8002
2 8530 5213
2 7730 2532
2 2110 2827
2 311 507
2 574 61
2 5727 2271
2 8220 2272
2 6607 8880
2 2602 6545
2 3635 6265
2 5533 8797
2 9126 8500
2 1177 6428
2 6429 424
2 1283 4098
2 833 1226
2 8698 8542
2 5617 7864
2 5870 1749
2 4063 1937
2 4333 5304
2 7017 256
2 4845 9736
2 8110 8045
2 8561 8011
2 8868 9301
2 4440 8556
2 2231 5023
2 4427 9357
2 8159 2447
2 3307 2657
2 1804 1171
2 8494 9498
2 4966 682
2 7337 1006
2 3023 6026
2 4913 866
2 4876 5938
2 5260 795
2 1326 7404
2 1753 8635
2 1501 3108
2 5262 4588
2 7248 3059
2 1513 5377
2 3690 81
2 1984 1634
2 2298 6971
2 7068 5783
2 4297 1696
2 1917 3053
2 5158 9686
2 5382 7550
2 7533 428
2 9457 4980
2 5008 5754
2 8473 8924
2 803 4305
2 1703 6293
2 8441 1789
2 8850 9007
2 5480 7711
2 7139 7138
2 6998 538
2 8190 1622
2 406 6551
2 5907 3268
2 7682 9910
2 9932 3993
2 2252 7292
2 959 9296
2 6539 7833
2 7367 4262
2 6075 9521
2 7030 7022
2 7830 1166
2 7929 903
2 3469 3361
2 8592 6237
2 6257 2673
2 8555 3846
2 2583 1932
2 3205 1275
2 6098 6412
2 6021 7584
2 2310 182
2 5472 7067
2 4770 3266
2 5910 3534
2 7453 8968
2 9823 2393
2 5585 1307
2 1762 4591
2 2357 2900
2 5632 7514
2 6617 5900
2 4060 4843
2 2645 5693
2 7523 4851
2 4019 5281
2 4830 1149
2 9698 6799
2 1191 4283
2 9577 5010
2 668 3963
2 3154 3854
2 7281 4048
2 7129 7102
2 4893 4793
2 6393 2138
2 9042 658
2 4453 6848
2 603 9548
2 7688 6533
2 4923 1824
2 5926 6519
2 3705 9044
2 3416 6859
2 3286 5640
2 7985 9914
2 5100 6222
2 3810 2899
2 3803 7658
2 7000 2664
2 8001 25
2 1190 8085
2 3169 9297
2 3591 9411
2 3382 9189
2 224 1770
2 2026 6643
2 452 6454
2 4911 9311
2 275 8541
2 7574 2961
2 341 9861
2 1878 921
2 2928 4571
2 7071 6961
2 3611 698
2 4236 3994
2 2546 1612
2 6040 5430
2 2385 27
2 526 6862
2 6031 9101
2 5838 54
2 238 8231
2 9229 9270
2 6334 7782
2 468 3523
2 746 3454
2 5828 4009
2 6119 8000
2 659 2280
2 2709 3619
2 6592 7890
2 972 3719
2 9059 5809
2 9972 8554
2 1775 9554
2 886 6290
2 6185 9204
2 2662 6509
2 3990 6923
2 8334 5538
2 1302 4691
2 6195 2153
2 7852 9146
2 2656 3696
2 582 319
2 412 6199
2 6772 1667
2 1316 999
2 6850 1134
2 8109 2980
2 5635 9024
2 8034 7504
2 6283 7488
2 9825 8118
2 4821 1777
2 6516 3413
2 5549 4525
2 7011 6491
2 9720 4209
2 1873 180
2 3754 6391
2 3156 7261
2 2525 5386
2 2038 9933
2 4520 5227
2 422 4705
2 4581 2154
2 4132 7222
2 1880 4556
2 2758 3645
2 4252 8757
2 9150 8508
2 5859 379
2 1237 1087
2 5778 6792
2 4987 3843
2 5014 9400
2 5257 573
2 4034 2010
2 9336 5697
2 8318 1725
2 8344 1308
2 6163 3383
2 8098 5949
2 4174 8546
2 9638 3628
2 4062 360
2 3340 1290
2 7183 5527
2 7042 7005
2 1401 5049
2 5153 911
2 5539 7822
2 5466 1664
2 3788 1374
2 5342 583
2 3201 9929
2 1964 2858
2 2431 4438
2 2706 6631
2 9164 3546
2 3643 8511
2 1915 5108
2 7882 2733
2 533 5406
3 9920 3596 1409
3 465 5872 7751
3 8031 6275 4188
3 6280 9935 1535
3 2954 1012 6051
3 70 9995 4092
3 4742 5198 240
3 3809 4801 9198
3 2033 3235 4943
3 5368 6263 955
3 4228 6960 3972
3 9269 1321 234
3 3004 9418 8919
3 530 919 1843
3 7633 2578 3657
3 4858 8454 4000
3 1640 9028 431
3 430 7729 131
3 6576 1062 5751
3 9768 3311 9716
3 2746 3926 7397
3 9600 5606 7614
3 456 5082 7924
3 8215 9519 9187
3 8089 270 2949
3 9446 9699 2193
3 620 5208 9201
3 2762 2604 6008
3 2786 3939 97
3 1750 6097 6698
3 9332 8137 500
3 978 1939 1330
3 2661 9767 7995
3 6964 4046 372
3 9538 4534 4301
3 9086 136 1980
3 9431 1744 1036
3 6161 4796 8447
3 9656 9584 7170
3 673 2977 3956
3 5191 5986 2072
3 2632 1259 6890
3 7663 8401 6003
3 6761 439 4221
3 8822 2514 4798
3 3212 7457 6844
3 7407 2772 7991
3 2713 6565 1519
3 2694 885 3590
3 5482 1796 6835
3 4942 5245 2102
3 8180 6824 9398
3 1475 9944 3370
3 6137 1961 1318
3 8326 2074 8568
3 2399 8435 6352
3 8252 24 956
3 1649 2595 8383
3 4104 183 3280
3 9413 8859 8037
3 4238 5752 4777
3 4387 2207 6809
3 7800 4502 6197
3 6463 4635 3344
3 1694 6450 7881
3 6887 9083 5666
3 9075 3793 1279
3 3060 5732 7895
3 37 9855 86
3 7674 6121 1546
3 3822 1983 457
3 2953 9036 2891
3 7586 2881 7461
3 2297 6302 7554
3 5994 7471 4839
3 4783 6972 458
3 7320 6959 756
3 7410 7812 3364
3 8314 5168 4400
3 3543 7724 5897
3 9009 8815 4358
3 487 7357 1538
3 602 4595 7362
3 8900 4248 1755
3 6963 8353 335
3 3141 2596 2149
3 2144 4596 9035
3 4116 8093 2210
3 7206 3951 2903
3 8930 2608 4399
3 6471 7387 6311
3 6915 4434 9094
3 5024 7094 8766
3 9047 3052 9137
3 4504 1371 9838
3 2610 2956 801
3 8486 2741 9578
3 221 3347 4339
3 1536 392 3875
3 9215 6506 3021
3 2785 2028 462
3 6353 9114 6332
3 9564 4069 3651
3 6818 6925 1161
3 2837 5066 3789
3 2859 6448 2892
3 7850 1688 7078
3 4994 6127 1678
3 9659 7602 40
3 5628 7889 3887
3 4877 5233 2412
3 5181 6232 6175
3 4982 168 802
3 4736 2059 31
3 2469 1453 9820
3 725 8663 9709
3 6148 7859 1426
3 7557 502 2685
3 2683 4097 842
3 6944 4291 840
3 7694 4688 8028
3 6328 1009 8438
3 739 5106 5125
3 7632 9651 1778
3 7959 9394 8737
3 9993 8543 6229
3 2307 5817 615
3 511 1220 78
3 9223 325 343
3 1959 8022 9595
3 4549 2101 9678
3 2169 9540 9015
3 7960 8576 3318
3 8426 393 3012
3 6699 3841 4488
3 5128 644 402
3 152 639 6725
3 2950 5719 1869
3 5959 4689 7742
3 229 7395 6473
3 8804 4567 5558
3 613 1043 5631
3 9489 4787 2388
3 6034 5676 793
3 9227 8950 848
3 8256 34 5190
3 68 5882 4099
3 7803 4031 7423
3 8643 5422 7971
3 6315 3679 2472
3 726 9957 1377
3 7631 1080 1979
3 7532 1165 953
3 1807 7994 6746
3 2242 6952 3123
3 4826 3903 8097
3 4880 3555 4855
3 7314 7697 8903
3 3743 413 305
3 5850 6225 20
3 9887 7132 3515
3 4723 579 6005
3 3698 13 252
3 6452 5731 7581
3 5881 9892 467
3 1270 5443 7430
3 640 1892 1167
3 4969 8571 7176
3 9475 4811 2304
3 3509 7666 3396
3 1502 2669 6357
3 2164 76 4298
3 9274 153 2002
3 2137 8398 477
3 2215 5951 860
3 1590 5212 8629
3 4047 6922 7826
3 3621 57 5950
3 740 5863 2929
3 6479 6291 7496
3 346 4078 6095
3 4267 3665 4750
3 4173 6563 4451
3 6046 6189 9280
3 6674 649 2232
3 9337 4279 4679
3 2898 4922 4554
3 3246 414 5829
3 7951 2527 3233
3 4155 1586 2432
3 1953 2358 2019
3 7906 4246 395
3 5146 7036 293
3 193 1369 9524
3 5161 2629 8212
3 3581 1549 7713
3 4245 8206 7804
3 83 7024 1416
3 5346 7252 3449
3 8821 3146 5026
3 2799 4662 1276
3 3902 6740 9065
3 6210 949 6104
3 8986 4249 8456
3 7565 9830 6544
3 937 3761 1286
3 3161 2533 868
3 1084 4030 2531
3 2824 1650 3838
3 1194 3482 4311
3 2751 4314 3261
3 6244 9313 2634
3 7194 568 9157
3 9526 5895 3504
3 9234 4747 554
3 1504 4653 3748
3 1516 7236 5200
3 2668 3431 8675
3 16 4856 6270
3 9543 4537 7197
3 3263 9294 6630
3 444 2529 23
3 8498 7813 1793
3 9105 8229 7653
3 3773 5387 5714
3 7743 3806 7963
3 5401 6258 8965
3 2303 3930 3332
3 7018 9458 8277
3 4328 4767 4176
3 4501 6294 9692
3 2047 1250 1031
3 1032 1527 7490
3 3174 4398 9810
3 1532 982 8440
3 3911 1514 6664
3 9488 5672 9333
3 9496 9635 1118
3 1986 9958 9680
3 6920 4578 1201
3 6245 5237 4623
3 4001 8201 1452
3 4914 6828 1891
3 3316 8952 1296
3 4892 8355 7559
3 6612 675 2442
3 8642 9551 4841
3 7150 5834 6822
3 8179 1606 5175
3 5980 9251 9711
3 9260 8289 9085
3 8654 499 6693
3 2143 1618 6569
3 4713 6430 5373
3 2671 6962 3880
3 4935 8729 2422
3 6852 1027 5199
3 8727 3824 2712
3 5059 2264 6494
3 6510 3125 3513
3 6744 365 6093
3 4164 459 225
3 3099 9858 9022
3 7761 8918 5043
3 7622 9149 4898
3 5769 5641 8177
3 858 8067 3747
3 3407 4144 9002
3 4605 4775 4447
3 3147 6604 8897
3 8593 8981 30
3 3570 4095 8235
3 7418 5400 4407
3 7828 115 2328
3 9655 7957 5097
3 8808 9272 7237
3 4562 6130 1806
3 2402 3547 1951
3 6846 2335 6118
3 8567 7849 1058
3 185 8382 9181
3 9624 1898 6600
3 3274 7600 9985
3 123 9611 8978
3 5098 6323 94
3 7721 4558 4156
3 6126 5471 2570
3 6002 6590 1978
3 4482 7190 6727
3 6398 2946 8472
3 8108 1865 1132
3 3355 1110 5831
3 8756 2235 6851
3 1669 7048 9073
3 576 6766 6078
3 8753 6899 6090
3 8806 6472 2466
3 2240 4325 4197
3 2046 8388 9927
3 4546 7616 5077
3 5442 6993 7247
3 7315 7273 7127
3 7085 6669 4694
3 7665 7868 4840
3 7899 8393 9771
3 2220 2205 1639
3 8340 3078 8572
3 9745 2582 5505
3 7693 5019 6304
3 9613 7634 8734
3 4804 473 5041
3 7329 896 6711
3 2591 4489 9338
3 5812 8129 9859
3 1288 2333 3587
3 5944 1754 3883
3 6223 1835 3615
3 7805 8372 6524
3 7460 4564 516
3 1774 8640 1266
3 1271 1848 160
3 2911 5323 2294
3 899 3506 6774
3 2216 2105 9877
3 9013 101 2549
3 6356 9003 1192
3 7815 1849 7275
3 6990 9603 5189
3 3324 3265 1137
3 1212 3664 8573
3 2730 5613 143
3 5621 6560 3878
3 2234 9948 419
3 5140 3884 5702
3 5460 22 6739
3 6671 1313 4172
3 5800 6697 4746
3 3933 3281 9134
3 1086 1653 2237
3 7123 7491 4308
3 8021 6803 2754
3 3439 4312 3038
3 5276 8994 2199
3 2136 8996 7121
3 6063 2390 906
3 5397 9744 3097
3 9029 753 3578
3 1699 8773 9261
3 9679 417 7931
3 5134 558 2793
3 5171 4217 3849
3 6581 2781 4255
3 7686 2453 6064
3 5268 3402 4196
3 8716 6035 5523
3 1127 6023 796
3 3782 381 2417
3 8084 2268 4599
3 8411 9844 4394
3 1480 2289 5426
3 5598 9008 550
3 1170 6831 6595
3 4918 1461 6636
3 7510 6414 5903
3 1656 2016 1488
3 9230 4136 3873
3 4818 9194 2852
3 5234 159 6520
3 4678 8793 1624
3 8316 9759 8166
3 8464 7786 1172
3 2775 8759 2444
3 5253 1093 828
3 4630 1783 4613
3 7117 3131 8049
3 472 6096 2406
3 6132 7400 219
3 3381 2951 6261
3 3491 5246 8789
3 2621 3817 9901
3 3888 7233 8618
3 1404 2334 3334
3 279 7684 6529
3 2068 6432 8539
3 6953 7903 6227
3 2731 4910 7788
3 6517 217 893
3 133 7309 3965
3 3442 845 8633
3 8987 1867 1665
3 1814 1627 5736
3 3300 5770 6373
3 3783 1985 4094
3 3262 9534 4487
3 7969 3401 9535
3 2065 5972 4932
3 9575 5313 5966
3 3744 1208 2750
3 4193 6180 2281
3 8165 4088 4479
3 7501 5391 5917
3 2987 5398 5577
3 3584 3312 1836
3 218 7925 5586
3 610 1781 9502
3 2711 1801 3721
3 1221 2554 7110
3 6812 1646 7371
3 6586 5064 7898
3 3927 2722 7675
3 5104 669 9200
3 5370 1899 7980
3 9660 1904 3539
3 6417 3862 8665
3 1184 651 5132
3 4894 401 3445
3 990 7388 8638
3 7502 3076 9754
3 4981 3085 3929
3 7065 4538 7672
3 934 2947 5599
3 9770 4529 5481
3 4544 9846 3216
3 7289 2326 2376
3 1292 1638 545
3 9882 4428 8694
3 2184 3411 7695
3 3947 9941 3124
3 2464 1716 89
3 5594 292 2087
3 4628 3424 144
3 977 6259 2173
3 5511 827 8268
3 4669 8525 3807
3 1935 5345 7907
3 249 1130 6405
3 8015 1928 8934
3 3521 2560 7664
3 9356 757 1683
3 7043 1299 3017
3 163 9209 8842
3 6770 9156 7902
3 8584 771 1870
3 4163 9140 9670
3 2050 6497 3115
3 2463 2022 930
3 6958 6805 3580
3 1469 6409 894
3 7608 2835 2990
3 6068 2567 7096
3 1120 1138 5122
3 7744 207 6973
3 2480 304 8732
3 2057 6307 7177
3 9089 4833 9860
3 8273 8853 7962
3 316 199 4882
3 2011 5429 4553
3 4842 7134 1209
3 7223 9785 7014
3 1331 618 7274
3 691 5804 3313
3 288 7553 3941
3 6331 8709 157
3 241 8776 3610
3 4646 4149 3178
3 8409 7163 8298
3 9179 5514 4948
3 6541 865 6897
3 2179 7642 7640
3 643 8886 4337
3 7216 9152 9491
3 2564 9225 728
3 356 6425 287
3 5725 7878 7544
3 3353 5192 6301
3 4392 8068 8502
3 2227 3186 3893
3 3541 819 7298
3 4468 1574 108
3 7019 6387 1841
3 4714 6904 7795
3 6213 7546 5060
3 2288 2418 1227
3 862 5206 4789
3 5550 2805 5578
3 8870 1652 1971
3 6513 9406 8534
3 8645 4355 5254
3 5718 5329 3006
3 7229 5182 9367
3 5663 9100 3753
3 1277 9647 9863
3 616 1958 9710
3 4226 186 425
3 1495 5658 5952
3 733 8740 6629
3 8941 5612 6814
3 9553 2563 2841
3 784 3536 3438
3 1809 4508 8141
3 3798 5424 7948
3 9329 3425 9870
3 8310 9885 4143
3 5741 5534 4598
3 4634 6087 5848
3 6796 867 2163
3 2239 9172 5825
3 9232 7087 9617
3 1563 378 1479
3 9158 5771 7556
3 2435 6484 1661
3 1700 800 769
3 4693 4791 5958
3 8564 226 348
3 6620 5510 2201
3 3812 347 9570
3 7091 9590 2689
3 9423 5611 3712
3 2318 9582 1376
3 5573 1615 3209
3 2577 2344 7349
3 3208 8309 7333
3 9876 1403 4290
3 8321 383 789
3 4906 1099 3917
3 1685 7365 9346
3 2152 4726 9862
3 6253 7441 8103
3 8771 6748 719
3 4403 128 9314
3 189 7799 9555
3 4986 4518 6125
3 7434 8347 7758
3 958 1235 5183
3 4939 7459 1949
3 6701 349 633
3 441 1909 1131
3 6917 415 7140
4 5357 5121 8148 6404
4 421 2589 5913 6255
4 5583 9906 8785 3629
4 6584 7710 1737 3987
4 7529 5231 2094 4386
4 9487 5796 6735 8197
4 1756 8754 2584 998
4 2395 6655 2861 6312
4 59 7923 7569 7704
4 5515 9612 7444 6632
4 8873 7262 8452 7796
4 2489 5905 398 8407
4 820 1729 604 6459
4 9004 1248 7549 7064
4 4848 5886 8603 8733
4 8189 8437 9354 9529
4 6839 9213 1524 4449
4 4318 5744 4574 9483
4 4100 6823 3904 4233
4 7108 8479 3626 5416
4 9620 1287 6476 2545
4 9383 4004 3697 1396
4 9131 5427 4041 370
4 973 2061 3015 847
4 4644 2155 9247 4863
4 7792 6668 4631 3135
4 2222 1492 9618 2752
4 5363 7168 2843 2687
4 5570 44 453 2117
4 8284 7100 1561 8775
4 3505 461 9765 3295
4 1423 4036 8287 2932
4 1385 8854 8004 6640
4 3273 8591 5616 3715
4 2345 5918 2096 9813
4 6639 674 3420 7936
4 1556 5090 2935 4695
4 2331 666 5251 3825
4 6762 2598 9959 1677
4 6756 4147 1081 1114
4 5001 5592 8384 8689
4 8119 6196 7525 9818
4 1388 5989 864 4106
4 683 948 6613 9888
4 5526 3942 8911 8320
4 5211 4473 5083 9128
4 4194 3149 7369 8585
4 5052 2459 8777 2819
4 7515 936 132 7819
4 4670 2968 2246 3484
4 7577 962 7863 8814
4 8240 876 2723 7939
4 7368 752 8837 9256
4 8991 3457 8392 110
4 7290 7208 7950 3176
4 371 2196 2728 7101
4 684 8636 281 2212
4 4808 8641 9267 5791
4 6240 63 2499 9614
4 5602 714 4090 7259
4 3656 2475 2064 1101
4 9019 9894 4916 5651
4 7834 1013 3678 1491
4 839 3024 7945 5048
4 3765 2548 6170 7198
4 4961 4405 1115 1071
4 5945 1004 9965 7937
4 4685 2124 3302 1233
4 4579 8152 3795 3272
4 9986 5042 7104 6677
4 3647 9295 384 2141
4 7927 2070 1734 2008
4 6782 4702 5101 7135
4 854 5773 6495 8058
4 1707 2115 4430 1214
4 1164 336 2080 4957
4 5046 7540 7201 443
4 4788 5214 7409 8639
4 2922 4917 2558 7896
4 8063 1341 3499 7825
4 5653 976 6702 49
4 7961 7202 6381 9307
4 4964 1146 4886 1830
4 3463 7313 6176 9568
4 4509 818 82 4983
4 6107 3792 8612 5295
4 5772 7595 3047 7757
4 3940 4135 4874 5982
4 3607 3096 2727 5713
4 2274 2228 8338 9305
4 3896 2964 6252 3228
4 636 3566 1353 3309
4 8608 4322 8485 7136
4 1210 5310 887 7305
4 7543 6168 4240 3293
4 1851 9433 4925 6550
4 4406 71 7516 8322
4 1988 8745 6935 1203
4 9129 7551 9866 1671
4 4940 1955 5625 7145
4 9795 7 9527 4185
4 1812 8116 5383 3437
4 4141 4131 47 5219
4 7579 8465 3114 1322
4 1450 594 7326 2456
4 9552 8851 4167 7359
4 2259 4235 4637 3142
4 9 3042 766 1713
4 7231 1094 5652 4655
4 1742 5006 7583 1934
4 9539 3686 9690 532
4 2686 5873 4074 2962
4 4561 5494 7715 9525
4 9263 3844 8803 4657
4 3072 8553 2481 727
4 723 4847 7083 1895
4 1050 6129 4112 6957
4 4475 9532 4102 9917
4 2759 3357 8250 9235
4 8387 7447 7088 4374
4 2982 62 8736 7196
4 2293 2736 1946 3519
4 8332 954 3196 7308
4 7648 213 7032 8375
4 4320 9946 9196 8010
4 859 5163 1591 2045
4 9063 6547 1418 2726
4 6882 1724 4076 5777
4 4619 2060 2342 5904
4 6611 3337 8767 8193
4 7725 1568 850 9106
4 3689 2652 6178 4402
4 992 2340 5172 9119
4 3155 8644 2544 1433
4 4638 4995 4912 9966
4 4490 9747 3672 6558
4 3170 1621 2642 2749
4 3648 586 2085 3775
4 9344 5729 120 201
4 8626 3757 9576 8601
4 7451 7494 3781 7851
4 6534 3542 6913 6038
4 5686 4139 2828 7643
4 3257 8478 6571 774
4 4550 8397 5931 8138
4 6567 7148 5156 2628
4 7464 3889 7545 7814
4 403 3593 2323 8186
4 1763 9542 676 9302
4 4244 6134 328 2862
4 4150 2870 3112 4058
4 6537 2795 3376 3475
4 7862 8997 18 9713
4 2300 9151 2308 9275
4 6927 8865 7079 4959
4 9559 8187 6467 58
4 2213 2036 5081 4390
4 2814 1383 7316 9900
4 5366 8242 4044 8267
4 8233 3840 3708 8115
4 3869 3451 4480 8259
4 1711 7166 8506 5609
4 7445 6147 6171 7703
4 9528 778 7673 5845
4 8849 2123 8616 446
4 3842 9873 9243 2305
4 8079 1160 9320 1936
4 2267 2160 1049 11
4 1839 3526 8094 3583
4 5540 5096 8430 654
4 245 2243 2313 1136
4 4837 8101 3126 2023
4 6359 8167 333 1552
4 9605 6123 6050 5359
4 3913 1509 9514 7267
4 7944 5324 2985 4284
4 3950 5136 9921 8509
4 7726 4551 8286 5854
4 7385 9374 7953 687
4 8036 2944 4902 2282
4 6300 373 6777 7008
4 6580 2920 4498 7522
4 3106 8367 5209 706
4 3745 9784 2535 6842
4 1767 7466 3618 3899
4 9289 6481 1845 1231
4 3632 1427 2674 7922
4 2817 3253 9340 65
4 2203 9856 6060 5665
4 8348 8701 9283 9722
4 177 4690 6985 6989
4 5600 7026 2718 9942
4 9732 7700 463 2994
4 7756 5622 593 3002
4 8026 5919 8563 7920
4 3083 8346 1359 4965
4 4151 9111 2941 9691
4 4516 1096 6638 8721
4 2572 780 1996 7050
4 8047 8697 6582 7212
4 6313 8834 9649 1817
4 3229 1357 6329 9252
4 8253 2619 1085 9778
4 745 2364 4137 7209
4 522 9366 3485 5962
4 4951 2571 1372 1336
4 9779 6363 717 9443
4 6316 103 8839 4582
4 3356 2009 2802 2112
4 1861 251 6477 4352
4 8477 565 709 6602
4 9751 4351 3368 2647
4 67 6426 8811 2351
4 5909 5891 9365 6994
4 8199 7119 2905 3443
4 9154 9123 9124 5793
4 645 7629 1340 3089
4 6 257 4259 7981
4 8614 2536 8751 171
4 214 7671 5492 1976
4 1787 6415 3379 9325
4 1202 9585 1510 332
4 7330 4884 2095 9546
4 1344 1701 9629 7489
4 4134 4357 3496 8947
4 4293 2162 4477 7911
4 9806 5593 3308 5239
4 60 3062 3214 188
4 8163 9968 8923 4867
4 8501 2957 4557 9363
4 1820 1001 6666 8200
4 5544 5330 9930 877
4 8835 9974 750 1717
4 8529 6914 9511 5149
4 7934 1740 8779 5518
4 5236 5733 8003 5244
4 6956 4222 1975 1505
4 5332 7391 6342 6297
4 5991 7057 4711 1351
4 321 1800 8658 1564
4 4727 4977 7613 8651
4 9545 2776 1883 296
4 7677 9166 3730 2575
4 1364 924 8040 7415
4 4696 3750 6188 8431
4 4331 7439 3120 4572
4 1965 1249 9962 7153
4 5529 5758 5970 2245
4 7344 1522 8915 9419
4 7647 791 8990 1747
4 9426 7210 5131 4415
4 5028 8168 8449 5808
4 3579 7699 2509 9550
4 4161 4717 8579 3473
4 5835 1743 5488 8056
4 6738 5683 7972 2043
4 6616 5728 6042 9397
4 2573 9341 7824 8418
4 1714 2265 5074 3655
4 1061 96 767 9271
4 8866 7250 6627 55
4 1673 6273 9569 902
4 3087 6419 301 5720
4 2952 3830 631 8548
4 3845 1200 1523 8607
4 264 6144 8470 9626
4 1636 1889 9566 3834
4 9853 4870 7524 797
4 6742 773 3223 197
4 8625 1178 385 9797
4 8487 1508 3167 8702
4 9572 5553 2089 5155
4 6410 2809 3306 6309
4 6226 6377 8132 6336
4 2055 407 9048 8659
4 3137 4960 4367 3978
4 7155 8183 9250 7748
4 7567 1810 5864 1476
4 5375 4600 3905 7436
4 6192 2612 730 5610
4 3557 3673 4649 1948
4 2486 8671 6384 3870
4 4524 1998 4079 278
4 3271 1228 3791 9718
4 875 4043 9689 9952
4 4861 6058 6769 4200
4 8940 9843 5308 9265
4 3001 9746 6747 2353
4 6028 6198 283 8707
4 3857 1912 7253 1429
4 3944 9871 5476 3
4 9078 6010 8172 85
4 5170 7302 1483 2912
4 6662 8677 8297 7412
4 3997 1140 2000 9507
4 7443 3367 432 8204
4 836 4179 3278 8453
4 6578 7118 9755 1853
4 1587 7880 884 4706
4 915 1040 263 4527
4 4532 5207 5203 7095
4 7103 4607 8442 6012
4 8683 4469 6981 6483
4 3028 2927 1720 6146
4 9695 995 7978 3885
4 7696 513 3022 6110
4 5803 5849 8670 6320
4 3728 8964 3508 7319
4 1378 7617 1821 464
4 2585 634 6757 1224
4 7618 8722 6370 4617
4 1037 4883 7603 4565
4 2877 4474 8929 7296
4 3518 1253 1073 5197
4 4307 5174 6444 9908
4 3736 3561 3037 7861
4 1681 6498 3877 8750
4 8932 1708 4871 3375
4 1684 9359 2939 8895
4 3248 3362 9464 1923
4 7759 1117 1542 4786
4 8692 1526 5785 4038
4 1154 1116 559 2937
4 4439 1152 1484 8524
4 5902 2627 7536 137
4 9599 7870 3892 8328
4 2488 1571 4361 520
4 4521 3511 6296 4292
4 8874 5278 8956 9880
4 5462 6367 9197 5823
4 4975 8466 8637 7678
4 7823 3853 2592 2798
4 9849 6656 5341 1261
4 6231 7178 3544 5839
4 9769 916 1833 7041
4 3055 5547 3107 1361
4 9961 174 970 6577
4 4668 1712 17 5705
4 172 8527 6605 9907
4 2600 6220 56 9425
4 6965 7463 4946 5941
4 2566 9984 5998 5378
4 6938 1726 7255 5441
4 2185 7215 760 529
4 7238 5548 5503 846
4 7130 2368 6389 6715
4 9014 3769 4604 8516
4 9350 10 145 3050
4 7363 5250 3516 7740
4 1430 1765 738 4663
4 4731 297 5151 8363
4 5446 5563 844 9092
4 6856 8931 1234 3969
4 3746 1570 451 2106
4 688 5271 525 8714
4 923 5649 6752 9168
4 1122 6583 3134 208
4 2716 1601 1827 2766
4 7624 1487 6266 912
4 7778 5579 6205 6526
4 6540 5325 7218 1197
4 2165 556 6364 5118
4 9741 9895 9597 9161
4 8239 139 926 7149
4 6133 2407 164 3540
4 1963 3104 9121 4093
4 2007 2649 9450 8833
4 7518 117 4491 9182
4 2295 8673 3258 4990
4 6396 7558 8081 9214
4 2221 2484 4230 8059
4 5013 5017 5007 8161
4 1589 5948 1648 4627
4 9390 5899 5574 8824
4 5627 6052 211 3674
4 9594 8044 9246 8650
4 7499 7839 2804 6451
4 4126 8293 628 7692
4 7346 3691 2879 480
4 5875 2309 7152 8198
4 5056 6149 7983 2848
4 2127 7204 87 8617
4 2555 1010 642 6680
4 9135 8247 6102 7318
4 2590 9719 3276 3029
4 1825 6623 3932 9490
4 1015 2836 6721 656
4 5879 3608 8609 7151
4 6215 2125 7752 6645
4 9588 3828 8305 8653
4 7278 2811 6157 9414
4 9776 6731 4555 178
4 289 7954 2872 900
4 9471 597 8606 1876
4 1847 1866 3973 6036
4 1735 9580 5487 2516
4 3239 28 1620 9286
4 3677 6193 5513 3692
4 1943 206 3480 4650
4 4859 6256 1856 7375
4 9852 5824 1464 4671
4 2538 8652 1159 931
4 6350 2226 9499 9382
4 8578 590 5815 6703
4 8134 6685 1311 4170
4 1393 1056 4573 2697
4 9276 3527 1819 6531
4 3891 3808 4522 1632
4 3092 1129 5981 2999
4 7888 6152 8258 3132
4 8434 4496 1205 6111
4 5058 7764 4792 5061
4 5559 834 6741 307
4 1877 2732 6443 4054
4 1260 8468 151 8537
4 1994 124 6206 6984
4 6053 4933 1718 8684
4 3895 9637 53 5094
4 9238 7105 8342 1874
4 9407 7875 7475 290
4 1888 7734 4997 2705
4 4725 3573 142 9241
4 236 7542 6228 589
4 2190 1642 9799 8967
4 1562 7777 6306 9748
4 4814 4857 7413 2428
4 9675 7512 3980 2091
4 4055 9165 4611 1704
4 5418 1884 5371 9326
4 9730 4865 7610 9714
4 4661 7884 4442 3297
4 2490 6932 7993 8032
4 4636 5710 6676 6628
4 4774 4592 4091 253
4 7361 9602 9864 9761
4 4692 9530 6651 8035
4 7219 8907 540 2241
4 7286 9376 6849 4989
4 1445 5644 4703 7406
4 4875 2020 7659 6155
4 2765 4716 1282 3924
4 5044 3912 5235 3558
4 4363 648 2854 4066
4 735 5517 362 4381
4 5794 1837 6557 2887
4 7841 4926 7090 5035
4 7526 9896 3802 6827
4 8176 2254 3654 4506
4 6326 7662 3945 9523
4 2565 1440 4187 3839
4 8123 9976 7594 8423
4 1023 6365 6733 5020
4 5671 898 7074 4656
4 1595 2400 3553 2461
4 4904 4771 9016 3531
4 7003 2806 4089 6794
4 1598 3567 6380 7733
4 7382 534 4410 9922
4 4064 3498 9650 8241
4 6976 5916 6366 1467
4 3422 2457 5474 7037
4 5530 2081 4559 5389
4 1339 2006 8333 1406
4 6289 4773 358 6673
4 9453 8597 7432 5205
4 1723 7374 4412 5355
4 6436 9368 7683 9220
4 2320 1332 1533 7356
4 210 2375 3760 5898
4 3906 1471 7914 9848
4 6800 9456 147 404
4 4879 8432 5336 6988
4 2783 8861 9988 960
4 6076 1584 622 689
4 4495 6857 33 6361
4 8019 489 2907 1422
4 6514 4720 6490 8715
4 4478 7821 5489 8938
4 8889 1609 909 8376
4 5457 5178 3718 9879
4 146 6778 3323 4375
4 9468 2381 8648 6528
4 4766 4639 4011 7534
4 3145 7818 7943 5086
4 9043 3704 7419 2462
4 7785 8153 7768 7426
4 5633 2389 5551 9361
4 9192 2874 8150 8894
4 7230 5856 2398 9561
4 2401 5869 9726 6784
4 1021 3617 4452 7530
4 9684 3582 7310 8898
4 8043 737 7249 3244
4 396 7592 3595 9072
4 6340 3882 1529 3914
4 8823 8845 7175 2260
4 9703 6016 4057 5467
4 8954 4026 6870 3983
4 7917 6208 1512 4953
4 3559 8299 5901 3299
4 150 3153 2129 3352
4 5776 1930 1922 9631
4 6585 9122 835 5865
4 3966 9143 8325 8425
4 8679 5380 39 7990
4 5085 198 5920 9222
4 5461 3371 5255 7013
4 635 1952 6202 9971
4 1090 4907 5832 7116
4 4467 5522 8712 1886
4 6466 3985 7770 3749
4 4823 4202 7454 6834
4 9429 8746 2191 7596
4 7010 9667 7956 9549
4 8682 947 3075 32
4 9062 804 5556 5531
4 7966 512 9221 9802
4 359 5724 3188 3339
4 8238 6649 7689 9606
4 3136 9091 3564 1822
4 7480 6724 9734 3129
4 711 9183 5615 4124
4 2134 1507 9828 4704
4 45 4887 7809 4016
4 8519 2924 3811 6184
4 3428 2277 5896 1761
4 6421 149 7220 6700
4 4640 3011 7221 5908
4 678 9868 1347 7970
4 6243 8276 7186 6873
4 2343 3322 2167 6705
4 300 1256 9173 170
4 4208 7876 2148 1100
4 7731 5756 2707 6574
4 0 3991 6160 8263
4 6811 849 5047 3694
4 3641 5451 4514 7964
4 6264 313 5566 8196
4 4465 1382 2024 5584
4 8632 9096 6446 2198
4 9573 8264 5164 8562
4 2467 6203 3121 6248
4 2278 3020 6637 9459
4 471 5939 611 3724
4 5954 5166 6659 9752
4 4949 8752 6681 1908
4 7984 6903 2495 4708
4 8027 9978 4335 1047
4 2672 8517 8908 5277
4 6553 9987 7386 6522
4 2983 7424 9299 6596
4 6942 1199 9583 7975
4 8133 5657 9891 1157
4 6726 4659 9996 1174
4 6015 1044 3818 5040
4 4215 5947 4340 7425
4 6648 8801 2875 1569
4 8711 1179 9328 1181
4 9068 4992 9210 5240
4 3681 2367 5860 3412
4 9038 1593 541 6112
4 6017 708 3203 1106
4 7727 5721 433 4511
4 5362 2337 1411 9633
4 3127 3226 7384 5449
4 8222 3517 5836 7521
4 9836 8143 6022 562
4 7509 6719 5763 5173
4 2062 4790 5813 4286
4 8210 1616 4456 4419
4 7500 2702 1668 8160
4 5536 2506 1381 825
4 9721 3031 514 6478
4 3563 6246 3894 1840
4 2296 6351 8413 8828
4 9486 4206 4052 5496
4 7555 2025 355 204
4 8863 8667 8696 8864
4 8202 5157 2601 8810
4 889 1768 6713 608
4 8139 8336 7877 2120
4 1400 968 3105 4359
4 1751 4958 5730 6492
4 6864 2329 8876 3330
4 2437 8006 2159 8977
686512342
