12 213 259 12 68 10 111 119 94 154 190 69 264
10 242 271 156 141 265 112 152 114 121 117
12 180 293 288 106 201 126 244 49 233 81 76 270
11 75 181 98 258 284 245 73 83 208 14 231
15 256 85 257 207 276 273 160 102 145 188 235 30 192 255 22
15 59 282 196 48 27 146 74 177 292 287 239 2 248 3 278
9 296 185 95 243 219 205 1 37 189
10 0 285 272 63 197 19 217 138 165 291
15 216 212 101 11 104 89 214 155 39 241 228 153 252 279 253
12 127 96 43 148 125 209 283 297 202 91 269 195
14 13 16 140 223 224 15 226 21 142 35 78 31 9 211
8 161 80 151 295 107 97 60 79
12 54 143 162 174 176 20 238 52 100 183 268 222
8 290 135 249 204 123 71 298 158
15 206 25 260 131 67 50 42 70 237 240 178 29 147 109 86
5 170 116 203 294 289
9 103 281 62 150 266 236 137 6 229
6 92 87 200 232 77 220
13 133 32 198 18 124 58 157 57 128 182 254 118 172
11 105 159 82 218 262 171 139 5 261 84 169
12 113 277 144 47 40 23 194 28 251 26 93 115
9 149 250 227 120 44 173 186 90 66
8 136 215 61 163 210 274 51 122
9 167 164 132 129 130 38 280 166 17
7 108 72 7 45 230 286 24
3 88 247 46
6 41 275 8 246 187 53
7 184 110 4 55 225 267 263
3 168 134 56
6 193 175 34 191 64 199
2 99 299
