58 8671 3729 5670 6755 3248 6119 5961 6264 5429 4495 9040 534 8011 1413 8363 3183 9175 261 1312 6371 101 3273 2198 2969 1375 2979 9032 2104 9203 7656 1284 6797 5736 1042 6950 9083 1038 7133 276 297 3500 8265 3527 7922 1134 4836 6802 7427 1453 7506 5704 6274 4031 794 9747 1274 9375 8691
60 370 1379 5186 9435 4372 3099 5986 7771 9855 2048 9128 2492 3050 975 1381 7747 3339 7254 9288 155 67 1886 2431 2088 8425 4198 5455 8697 8681 2478 6583 8077 9123 4094 1315 2453 1035 3 3058 9528 7249 9789 5629 9993 9870 3188 544 2770 4937 5275 7339 7885 6469 2172 2374 1098 38 5077 8143 7696
57 9615 4622 7902 9189 9829 4818 3787 1610 7813 8375 4981 1105 5193 1091 7319 3726 6186 3556 6761 6066 5442 8288 7154 3226 4271 7148 1170 9218 7093 3276 206 7675 7538 3346 702 7784 5620 2477 2985 550 4641 891 9600 4548 9631 8176 8724 1818 3073 7405 4839 4566 3426 9618 4532 410 1191
75 7329 5071 9835 3778 6470 1533 6071 5034 7258 2980 390 7534 227 8075 993 7083 2854 8419 5773 6144 3469 9204 5337 2841 9041 1944 5444 4713 1798 8804 2978 3677 5970 4070 7156 9102 5936 4620 5946 800 7854 5765 931 8098 8746 3102 6448 5043 5029 4383 4353 6917 1504 2463 4888 5822 1058 3256 3994 4246 1437 5953 1414 4417 7527 6706 8572 3291 59 566 88 7621 1255 3592 5141
54 6896 572 9099 6074 5850 4130 3793 4162 8100 8234 2405 4656 6530 926 6260 9542 1541 6498 9466 7780 1916 7297 2760 5443 437 3509 6473 635 8830 8805 1775 6790 8383 5583 6899 7452 7055 9453 5499 2959 4972 41 4175 720 5749 4603 8949 9246 625 1228 50 7 6375 7815
67 1247 5440 5798 7830 7135 232 1461 7715 2175 933 8817 8505 1147 2895 7973 7896 9768 4871 4078 9257 20 9693 8605 9900 398 7972 2870 8460 3476 1479 8541 4403 3754 4966 5175 8049 1731 2710 1021 3873 1326 1019 7366 879 9214 4327 5902 3298 3602 1468 65 2162 6657 783 7921 4190 6869 6884 4953 1919 1472 8583 7743 849 7487 8115 6970
55 2836 852 696 9004 9068 9155 346 423 5840 4017 3190 6751 1591 5246 906 9000 418 6143 3060 165 6295 583 4242 4502 6378 9969 2150 1441 5244 3224 9741 2891 4007 3131 1635 4118 2039 9698 6994 7779 537 6010 6181 9788 3386 8343 6046 6080 2556 8003 6454 6993 2861 314 2205
69 9199 1248 9502 8107 6630 3164 565 8079 175 2213 1026 5399 2128 5880 7270 7224 2664 4928 2470 5470 5599 5474 2790 4934 7611 9614 6293 6811 5973 7252 7099 8792 8487 5549 9237 9052 643 8717 2670 5370 3309 6756 5101 6431 4116 5934 608 4945 3997 4608 9763 2972 6570 656 514 5532 5995 8338 6918 2263 2152 8295 4864 2300 9889 7085 3105 5190 1325
65 8521 8552 9689 9607 2650 7278 6492 630 6719 2578 4370 8404 6893 2516 6064 6124 3041 8251 8196 128 861 2554 3196 3871 3573 2923 3407 7732 8941 9845 2035 3415 6037 5407 3758 8550 6675 3488 98 1066 345 1705 6208 576 4282 1177 2086 2896 1661 1565 8780 4721 2180 6663 4266 8870 5523 9397 3564 203 4453 6291 6588 1965 3671
77 3545 7725 1954 6121 470 8624 6813 7762 6385 2911 7899 8386 819 8224 5135 6727 4785 2718 8374 2244 2412 4005 1000 258 2214 4900 5496 489 9731 7199 8479 4419 7340 3474 6164 7614 6876 1262 4621 7040 561 4869 6339 3968 5363 6482 4879 3207 4311 9286 4263 2837 684 8314 8469 867 4747 2888 8855 2545 1136 9150 4250 7144 7674 7833 5166 5862 8718 8040 6382 9943 955 7753 2221 2601 8296
77 4733 4194 5207 539 8254 6985 7411 9663 9954 2116 7694 7165 9724 6789 990 6830 1809 4577 6200 741 4009 4041 7212 2904 4227 7009 143 2725 8897 6114 1209 8317 7752 6880 5506 7553 3611 1877 6969 7700 9813 7211 1357 7609 4098 1969 9318 7856 5912 2052 4654 4334 415 6960 3486 4767 5297 1989 6052 400 934 8048 5512 4131 7218 507 7730 2713 6855 5910 3235 2147 668 6512 7878 3679 5553
77 6644 3404 2308 3949 2586 8362 8218 3173 3355 3437 7936 1568 4059 636 9935 2191 3001 1918 962 4862 4770 937 1883 1972 3232 5082 5918 8039 8112 3686 8733 2295 959 5414 2594 5365 8229 1654 5486 8639 131 6646 2517 5534 9216 5718 2355 4146 7466 6126 4322 1040 7435 682 5287 4808 8948 9140 907 3543 5477 5550 4832 5112 5178 9027 6342 5651 9947 2666 9138 2230 69 1531 7369 3343 7267
68 7479 5502 4476 9948 2013 134 1982 399 9269 2686 6398 2824 8266 4287 2919 3490 5628 2750 3812 7210 5026 5737 5960 2003 1156 8988 1219 4479 7963 7481 269 1279 1006 7007 2084 1743 7931 847 8163 609 9279 8644 1898 1639 3932 8008 7347 8145 6184 1789 7836 6354 523 9812 4893 5756 9089 3000 7821 3015 3049 930 3185 5023 7284 9352 2737 3374
70 5003 2386 6436 5941 1249 89 3141 6485 5445 787 1631 4212 2133 1073 6108 5256 9165 7827 8171 6294 9253 9051 2576 7378 3119 1810 1199 4596 4687 7991 9201 4515 436 5893 2934 8273 9837 8054 6183 6586 6471 4590 5626 4268 9705 5999 7149 6346 9894 9073 7371 291 9794 6509 9647 8676 8913 900 6542 1014 7047 147 9488 6581 3216 1733 2184 4561 8942 1622
68 85 2499 4229 4426 9987 1227 863 280 3366 8716 6883 7911 8423 303 5333 4509 243 8844 3797 4396 5754 9005 1887 5568 8287 5103 1148 6519 5745 6582 1158 8435 5261 3275 1971 9479 6411 6643 367 424 8669 5125 5428 3760 7847 2394 9018 5194 8991 7182 5901 3317 3267 8038 6227 8347 8774 7965 5266 4201 7941 5358 1149 753 8929 4111 8799 6538
84 631 5650 940 7756 9967 2280 4514 9374 4668 8463 6720 8579 2007 3688 6237 3956 1745 9585 3774 7961 4905 9167 4014 683 6467 5310 6254 5959 6909 6664 2484 4551 5665 1070 2380 9330 9329 7037 7390 7304 7934 5332 8969 5846 1912 4397 6716 8378 1475 6129 4998 1645 8481 8918 7803 7060 3344 8105 7112 1179 6270 9190 3180 187 5172 4662 8679 3101 9491 52 5021 5623 9533 5144 8387 4109 6925 4177 8089 6068 4601 8170 2298 3485
79 1360 7068 7383 3451 1629 8814 3794 1392 8429 1399 923 3025 8388 916 2476 9239 9548 3594 8978 1606 3664 7893 2314 2461 9170 5585 4063 8551 1664 4273 9345 6571 8214 307 7716 713 215 4921 5942 6864 8811 6759 511 4411 1790 5766 6349 7059 7162 500 3807 7171 2595 6955 9437 3927 5202 1352 4204 8316 6288 7457 6023 7881 8238 7736 6709 4137 9841 1751 7017 8361 1749 4420 9556 8680 9630 4618 4676
77 4821 9132 9518 7431 9681 8925 6390 2741 467 6393 4381 4375 3021 5837 9759 6077 3875 9096 5308 5185 7346 9716 7453 9599 4594 9454 32 2096 3912 1621 3023 4237 7024 9679 7795 9220 3900 9470 7321 8907 9306 2758 5038 617 3768 4028 9668 6702 6242 8866 9256 4769 2515 2830 364 8979 5241 5075 9273 9402 1401 1230 2606 3648 8088 5949 1843 569 2068 7495 5565 676 8083 6757 4763 7428 7853
76 1010 4424 4376 9366 1460 6109 6379 3830 5685 996 5835 3210 3917 945 8293 2197 4705 4332 2024 8061 6656 2850 5757 4987 3353 2206 3297 1063 2678 8828 357 567 8456 7801 7053 4669 2632 7157 7091 4318 1111 4768 7501 515 2349 2026 3499 3055 2658 4140 7455 464 7387 6910 2208 6711 7532 1896 3156 4038 7253 6992 8085 1332 1481 756 3816 8177 7002 5635 8322 1613 1808 762 1564 3995
73 5472 1117 2215 6167 2106 8767 5799 8787 8687 300 9106 9381 760 4799 7873 9420 3546 3599 8298 275 1028 4858 9856 755 6022 7979 2845 8276 8993 5807 5085 9611 6639 9022 3497 2099 4700 8381 795 2676 9409 5883 6025 9752 6273 1317 6112 8310 9938 1385 8125 553 2366 3943 6062 4833 7076 9010 8207 1002 5396 8921 2913 3070 4942 497 6589 4563 1922 2905 8108 751 1704
80 3838 6057 6158 4060 7554 4087 1583 5684 8233 732 8232 5913 2773 1816 2042 3895 4738 6240 2022 7108 3130 8957 3835 4918 9370 4855 7569 9507 1374 31 9793 1589 209 5570 5648 8051 8169 2222 9182 4378 3514 4428 1924 4983 7823 2203 8737 6714 4295 5713 9260 4139 9734 9433 1221 7475 4049 3901 3972 7357 5573 6455 3360 8455 5290 9981 943 1196 4114 6666 6272 2125 4052 7150 4630 4035 202 7874 8638 1115
73 7389 9223 9386 790 5598 9957 4889 6228 1077 1495 4465 4637 4172 9968 9 5284 8010 3002 1193 6244 2761 5933 8832 6090 9508 8544 828 3307 3904 8570 8370 6968 3616 9095 1101 5305 1615 1180 3124 1993 2252 7670 9497 6708 5473 3403 6394 8167 4357 4850 2254 34 2059 5151 9424 2105 4110 1801 2789 7324 2247 5240 9936 4802 9432 8026 4197 4576 1835 6825 744 5017 5606
77 336 2307 96 8590 2336 4326 87 7283 8922 6035 8599 6569 595 4075 9193 7130 517 5826 7067 2111 7513 6804 7967 4402 1003 7710 563 5621 4015 466 8513 8670 377 3069 292 7782 1474 7039 6722 7401 3560 7013 1197 1045 6721 5777 9101 6132 3944 6221 7087 7711 6682 7781 8391 6226 237 9154 8474 6197 7341 3257 7242 3617 5827 5548 4952 2646 8018 2332 9580 3813 2729 6966 6243 3596 9415
82 5439 4930 2421 9547 7203 2070 8366 1953 8121 8798 8331 527 5280 2532 9186 7462 293 1022 9924 4270 4666 5233 1781 2912 9589 1354 5046 8161 2518 5950 3213 1830 5174 2281 6098 5295 4406 156 5997 1309 1736 1701 2354 768 1623 4380 8781 3859 601 1277 1050 8186 5111 5956 5974 8062 4365 5904 5908 6276 9784 6156 1394 9848 6327 1776 5929 6246 5248 1288 5315 6497 2299 833 8103 688 4408 7971 1728 135 1679 127
77 574 2176 7499 4298 8900 4585 4943 1245 5607 1372 3714 2417 4200 8803 7014 1907 196 7579 1281 8133 4816 1139 8372 2089 353 4358 4823 6742 6478 4455 4301 8833 3618 8349 8488 9620 6051 503 8240 2362 2240 4167 2131 1685 8081 8762 7556 5479 958 2610 2986 4955 3798 8421 2243 5431 8801 7946 7726 841 5251 3600 3864 1966 3550 4462 807 7194 2269 3133 969 4450 4732 7894 5413 2629 7344
62 1523 5633 2925 5148 7066 9407 1183 4731 1823 1114 3727 8324 5426 9996 5300 1048 7844 7051 7706 1695 5346 8526 4398 4135 524 5609 2690 731 6496 7600 8696 6277 2958 2447 9674 6814 6699 4781 5344 9690 3744 7186 4351 9818 2771 6234 4413 1608 7708 2757 8906 3284 2530 3385 484 9703 5600 7933 2030 8101 9646 3107
67 6365 1794 5947 663 6402 6972 1435 3742 6233 8403 3884 5189 4575 4661 747 4784 1422 4151 8536 8180 6151 427 743 4994 7078 5886 8220 7924 2345 4213 3325 9094 5239 8489 3718 4521 842 9111 9504 5679 1483 9300 5447 5753 6070 9211 8335 4911 829 7776 2990 793 5793 3303 1270 2001 2546 6175 9626 5163 7566 9054 4279 5009 9326 8289 8263
83 1137 1694 3869 1455 3203 4274 6117 479 2940 4262 284 9670 8884 7539 7352 7269 7586 6858 1981 5321 2178 7509 1222 5945 5821 2643 4681 9066 2284 1662 8896 8297 356 552 957 3583 3127 8433 5546 3202 703 3907 8577 5237 577 5863 3260 7006 4374 6353 1974 927 9046 1130 2971 909 7246 5394 5395 6412 2856 7998 6314 9578 1190 3858 582 9057 4434 5554 5590 4984 5320 9009 3962 9163 3670 23 1963 3200 3789 5481 1892
81 9780 651 9307 4820 3681 7775 8584 9519 7624 7583 299 5403 4181 977 798 5643 3003 1515 9803 9448 1081 9301 5741 4667 8512 1129 7649 8028 8886 4058 342 5667 3487 9043 9854 3063 481 8014 3841 791 9058 9062 5128 4597 7028 6466 9428 918 2875 6343 1642 343 7733 535 3206 3008 1459 1978 4894 8810 1210 1501 144 691 5340 5898 1691 6661 7923 111 8567 477 416 2897 4096 2759 8712 5435 9994 349 3368
76 3692 5467 4672 9322 7543 4919 4969 9033 8271 9380 1404 8901 9200 6450 2647 894 4179 1960 3051 1553 189 6012 6735 3894 347 8162 8604 1949 4235 7886 6900 6245 1133 758 3720 6324 8002 9472 2409 5293 6777 8283 8862 886 542 8531 6459 5097 82 2167 5048 1929 3698 4101 4863 5714 8725 6434 2031 3579 1665 7364 9721 3655 4123 9815 228 3775 5324 7704 887 3022 840 2806 5825 2293
86 9686 4831 5155 7244 8126 1447 3214 706 3887 9174 6123 2906 4986 2604 5288 7379 4253 9493 3159 5992 1943 3334 9864 1487 1773 1203 6976 9117 5989 6726 642 1256 9980 2342 5182 105 9624 8092 3087 7049 2179 7153 5762 3935 3766 4309 6889 5484 6356 8594 8926 8771 5987 3544 6417 3484 239 3238 7079 2791 7343 2960 8160 3259 1566 5100 4567 6691 4321 9456 6634 2112 1955 6289 5890 5277 1660 4914 6441 3593 3266 7042 2406 6535 1899 6640
84 710 7954 9064 5353 1342 1371 1567 8294 6357 363 7368 4970 585 4692 3634 6045 4985 3336 2813 8602 6515 2822 7977 11 4915 2720 5064 1500 1339 600 3926 179 3631 6525 3525 4445 7500 2392 8493 9114 8537 7573 4441 7551 3428 7615 5055 9899 1103 5678 2153 8597 4725 5954 7912 9552 7850 2781 7384 4085 8111 1671 612 3186 4143 7081 6565 1440 3888 4494 9315 5539 8252 7292 9410 7712 6901 7939 6633 9662 8776 4967 9814 5787
82 1345 7727 3062 7409 9135 3012 78 3897 6704 3880 4631 6897 4951 7360 8497 5594 1396 610 1211 2194 4899 5156 7469 670 1940 764 3792 7993 2981 1894 3612 1796 6248 5708 6621 2747 2291 8359 2326 4062 4125 1558 2151 7985 7233 1893 4036 4257 7981 948 4320 7193 7864 7268 6604 9918 3614 1306 2066 9221 3770 5993 5551 9831 8568 4843 5694 1118 889 9602 1406 1698 9999 5843 4072 1272 4646 2236 2736 7639 3449 7903
79 240 8174 2636 6865 7846 1521 1759 6290 2794 6747 1555 3464 4679 426 338 992 3082 4638 2083 6210 1888 2933 824 7121 3153 9173 1192 4176 1337 6891 2727 2611 1034 7116 9879 1876 4216 8530 6355 9921 9669 6615 1043 6566 3335 2557 2260 8187 6936 4474 5094 2488 2672 6578 6773 2703 5952 789 37 6856 5118 2283 3066 2560 4538 7761 8650 7012 9444 9178 716 7514 2596 9728 1138 6452 6812 722 2716
73 967 6695 2296 9460 3139 2359 8106 740 6142 6048 7000 8909 9208 5352 1393 4811 2443 4209 921 5726 3320 2402 7522 1013 4526 4460 7141 4486 8972 581 545 5632 9194 6013 3253 9337 2998 3251 4103 3395 8793 5227 7751 2274 6860 8211 6076 6827 2207 2033 525 5614 6447 4195 256 8071 5552 6959 6516 7456 221 4902 1549 5859 2327 2049 6439 1719 8823 3199 8432 9489 9902
78 4442 3757 6438 6261 9072 4196 1318 7974 4307 8102 7235 4362 5968 2082 6861 3264 2849 774 9923 3034 9667 7331 3632 1366 308 1269 4913 8611 9532 4856 3254 888 8882 9586 2123 9120 3828 3417 5230 7634 7749 5206 3494 8822 6877 8861 6166 1122 1095 8494 5421 1714 1968 6867 3691 5979 6116 5682 9531 4530 4395 8385 6842 2037 2931 3759 1643 395 5917 2233 9857 9982 9774 104 7104 3651 9744 7948
91 4529 2090 9978 8773 8041 7477 4716 2074 3377 6081 458 2787 3694 114 5469 6701 6364 7613 2306 3721 7687 201 5698 9941 2297 141 6648 6213 6298 4847 4435 4350 6765 2328 3398 1316 7404 7015 8393 3627 4774 1194 7863 1783 3229 4421 1667 8709 3659 5019 9188 9159 4699 3280 649 375 5854 2513 2860 7098 5604 9927 650 2660 6762 871 5909 6529 3989 4090 6079 9515 7693 6852 7206 8168 7640 6154 8910 6268 780 3079 8841 1800 4507 1838 4702 4308 8044 1259 8380
74 6686 2434 5314 2715 1125 9727 2717 4909 3028 8560 7238 570 7765 4880 5091 422 8394 435 8616 6629 694 7181 4883 1377 4996 7909 8135 5847 393 7213 4964 2803 8132 7105 6286 5216 6285 5655 897 3436 5066 6400 1473 7672 4890 9606 5733 9922 1586 3225 5142 4787 117 471 759 7447 4443 878 9414 1451 5509 5735 250 5861 6474 3080 2805 1793 83 6921 7118 9859 7198 2573
80 779 4258 6847 9636 5192 6931 1076 4714 6093 7100 7251 9887 8564 246 4842 4489 3848 8257 4754 4602 1574 6597 3856 4051 3311 2916 9743 3985 6775 5335 667 3898 16 7225 1216 4516 3145 4347 6369 1166 5338 3155 1998 7515 3447 1153 686 2261 4959 7444 6223 7294 7633 3860 9654 9787 5371 6997 1747 5327 9331 6937 9077 4712 913 5894 2524 4519 7429 2448 2137 1436 9356 766 8736 7593 7111 2814 4961 294
78 5065 4299 5497 6212 3815 2006 3452 6401 8053 7354 6577 2585 2974 4220 3121 4469 7523 4761 4339 4452 6567 8253 4323 3645 9498 7529 9400 3565 2996 4775 1141 249 905 5515 8747 6188 3749 6194 8545 9873 8249 3076 313 9139 5518 4865 9718 5127 6410 432 7478 9575 9078 9109 4878 2902 7834 5578 2547 8448 3588 2439 9056 3998 1725 6265 3756 9457 554 4528 1786 9675 7095 5680 5436 9053 1562 8735
84 9274 421 6163 335 874 3722 9771 9069 7323 3098 9546 5920 5871 7713 5789 1368 7597 8752 6113 9828 936 6453 8159 9044 6073 9897 2303 473 8258 9537 5451 7277 4805 9712 6039 812 9183 7054 6134 2694 8405 3940 9593 1538 2265 3167 3326 7618 8815 4112 4572 6196 5356 7603 8689 951 6696 856 1941 9332 1470 718 8846 9509 1079 5225 3014 4751 7759 2825 6387 9640 9700 5476 4281 9045 531 7799 251 9442 5505 4582 7665 638
73 4400 2404 3019 8230 2324 7617 4797 4522 1590 7953 1 5000 2449 449 5132 2817 2290 6383 116 4629 8408 5814 2639 9452 6040 1609 6641 914 8059 654 1425 2621 4812 2285 1463 8769 3045 6557 6977 7960 8728 9490 4068 408 8753 3332 2076 5283 5205 1072 7082 3777 152 6783 1930 1297 6338 4541 5134 7657 6736 7041 669 6837 420 7890 4173 8134 6554 5896 1727 8019 6312
82 7766 8934 3261 2456 7446 6622 7952 2811 1411 6982 1229 9494 6392 9365 2707 5696 851 1231 9622 1526 2708 7396 193 8097 2752 259 7604 9321 3052 170 7031 1653 4758 6310 6352 6784 6916 8259 5637 5990 154 1536 7632 6065 5876 9650 1123 2148 9207 265 6628 994 1244 7612 4624 2835 8601 6399 118 9946 773 8741 9959 1467 9513 5279 1358 9499 3590 2436 5427 2681 9462 9695 1185 7497 813 7787 7043 8155 2869 644
90 7030 2947 1625 4931 999 5480 1829 2688 8999 6092 4042 6297 7220 7308 4033 3342 873 2776 6922 681 6817 9108 3886 6199 1811 6334 7262 6138 4440 6920 3093 8445 4261 6510 321 9992 9030 3646 1723 772 1535 2956 9925 8437 8368 4236 4701 9590 3817 3209 860 7842 1708 1294 5775 7818 5972 3868 9699 1071 1687 3354 9644 7884 5001 8683 1697 171 2651 6770 9896 5084 1544 9038 9850 4720 1799 3644 1438 1046 5052 6737 110 4430 533 6484 8136 9565 7192 7544
78 3701 3533 2550 9011 3031 376 2199 8575 8029 3067 9121 4980 1291 3857 7679 7778 4635 6551 7129 4782 4766 6321 434 4906 3852 4564 5524 3111 5044 6462 3748 7395 5326 976 2982 2509 9725 3649 4707 47 4511 7109 3961 2732 8212 4391 2764 3027 4159 950 6038 322 2075 1670 1980 6624 4217 8924 1527 6159 9898 1200 5412 2742 1099 2558 6859 8152 3769 5161 7175 4525 3314 9595 2266 242 5817 8518
76 9213 3562 8573 3821 4225 8943 2880 880 3585 4993 8874 6426 9461 6563 4248 361 9403 4115 1027 3743 2071 1834 6898 185 4202 8498 6846 8270 3453 8944 3842 4645 661 3963 4613 6620 7391 8729 5801 1603 7228 1658 8280 4390 678 9685 6067 8222 1311 5401 9682 6995 2887 697 9195 6559 6104 6461 3530 2466 4553 4619 2529 6475 30 1785 5770 7929 6120 2170 1770 1464 1867 680 7410 5302
90 9071 2333 3534 311 4466 8043 5025 8409 6058 9324 1729 6320 1668 6590 4154 6703 6296 1059 4689 2504 7261 5069 6801 15 9538 5493 2140 7356 9849 9557 5802 1015 9786 2483 7307 6753 2101 7032 1845 2994 3413 1343 2693 2768 372 3840 1488 2508 2603 728 9800 5209 8090 1637 5951 5007 4647 9746 8141 8272 3223 2642 4185 9392 3808 7320 7518 8358 4071 5446 4066 3928 8197 7588 7975 6345 9539 2612 4000 7358 792 119 1264 6602 126 8113 8975 3704 530 3208
87 5376 2416 6316 248 9017 6655 9704 447 7146 2625 8936 3578 7677 7158 8911 5978 1516 6214 854 7020 8559 4533 9450 8499 7785 2984 7879 5977 9248 2008 9926 213 5050 7164 2271 590 8491 9605 207 3250 2679 8904 9608 5589 6829 5450 8987 6729 4292 5143 5797 6659 7944 4022 5832 1913 2370 7265 5130 613 6651 2138 3378 2251 5062 3315 8704 5041 5784 7525 646 5869 4824 3824 2537 5721 4277 4156 1911 3247 4278 1774 1616 9240 5382 3290 3537
89 4872 8626 3849 1031 7197 413 6230 7138 8542 504 3547 1159 2077 9770 6587 7178 328 4387 8863 3163 7793 4291 4210 8400 8952 4574 2976 1445 5433 4628 1826 5213 5668 6001 9696 4178 835 6432 4867 4498 3587 7234 2410 9986 6562 8527 4690 5234 1086 8919 1767 3157 9426 1415 1849 3512 3885 4723 9185 3352 5398 9824 2348 5030 9302 8478 4313 58 8765 7920 9353 3693 9945 9245 3820 5306 4925 2564 406 877 7168 1429 4599 4199 987 4748 1391 3279 4029
92 814 6697 4026 9463 8617 5716 575 6263 6923 136 2847 1434 6514 5463 8329 721 8569 7458 3187 9558 9914 6766 55 9232 2258 2892 2957 1065 8015 3006 8339 8937 3162 6895 1996 7375 8756 2848 4020 6368 6907 5434 9031 7467 3934 4920 7074 5677 8093 1382 9323 1842 4222 3981 7585 9039 7595 1901 6306 5529 8313 2177 2316 870 4416 7483 9930 3402 2234 7023 2569 2282 2926 9267 7348 9295 7825 6690 9816 2475 6495 4749 5387 6493 606 6915 6608 5168 208 2093 1271 614
88 640 9391 9543 8867 2857 8431 3065 3741 982 1109 4170 2970 9107 7305 9363 8193 8342 2458 8965 2829 9036 302 1171 1287 233 4694 7205 4627 6857 6739 253 8080 9625 8688 1044 5543 9628 222 2944 64 1889 6807 412 1682 5939 4750 978 9378 2878 9250 9772 3827 8523 8971 9091 2614 6853 2004 7626 8286 660 3329 8262 7464 4027 9394 4024 9573 3668 3450 3640 5905 252 6705 6874 4523 4791 7942 8007 5672 4841 9554 1857 2507 641 4405 4458 8376
86 3503 6406 3834 3094 2011 4276 3435 7943 468 8647 199 3908 5078 4016 330 7764 2709 8869 7592 2691 9998 1198 8340 970 3855 4657 2249 3231 1493 5388 4083 6723 2018 647 5811 7372 9764 8470 5462 6674 61 9317 5631 7731 6585 6407 9297 9024 380 2523 4004 9862 6680 2289 8065 5099 6911 1753 5746 9016 8634 8185 438 3806 3401 5870 9753 5492 8938 4423 1145 8318 3308 5948 8615 4506 3345 6430 5013 3337 4814 5755 5671 6617 6642 6350
93 6373 4876 4531 7606 3850 5123 5748 6841 2777 9526 2535 2019 2343 5106 6595 9520 6749 1600 7828 3643 9779 3836 3672 3771 7560 8666 145 2877 5049 6692 5307 149 4540 1224 4361 472 5763 7685 8656 7598 7720 4464 4697 5517 8621 8001 3772 5767 2055 9404 2827 1985 664 5881 822 4333 2820 1480 7131 2294 5769 8994 1917 3010 7113 5895 5059 262 6370 9567 3597 3776 6854 1772 4974 4979 9042 1737 4303 1647 9616 3026 3427 8892 9500 4813 1977 3409 461 6946 6190 6481 8877
92 1634 8009 7574 8477 2 5531 5483 8721 2683 2955 9145 7185 8627 5330 4079 7724 1967 7928 1703 493 7576 3755 2029 9008 8578 9467 5574 8668 8426 4433 8023 1458 5940 2080 1841 8592 6363 2196 1476 8244 2945 9187 5374 7255 482 6768 9833 4886 3301 5417 8131 4488 7274 6253 4459 8973 4142 3957 2657 6374 6257 3120 3432 6220 8730 9196 2968 3866 7115 5725 2487 825 5271 2301 2697 9790 8703 562 8623 7072 2728 7004 9911 3288 5331 3606 7493 5686 5593 7546 8353 3905
87 3243 5983 4393 3017 2964 6003 9521 2774 9079 7338 521 3540 516 8955 8012 895 9511 1676 6099 4342 1466 4853 4828 2468 7460 1023 2700 7547 4256 5636 3703 9465 9661 5903 5759 592 8144 6934 1525 2656 3980 169 8663 5236 559 8465 7382 1524 8235 8382 8142 4259 5264 7289 6287 3193 4223 9085 9919 4344 46 8524 9029 270 8129 7857 9275 6415 1652 7415 1844 4304 6710 1716 9092 8645 5501 8311 7103 5813 8851 1420 6451 2949 1502 882 3561
89 8507 7355 1738 2649 9550 9291 53 2788 1612 6141 8719 9344 348 3710 2454 1948 2315 3715 9141 3974 9357 2879 6556 4520 5595 698 7739 2587 8960 5318 7646 9563 5588 9761 2360 7741 9642 3658 844 7629 1920 8836 831 8192 1700 3287 3613 3249 190 150 9427 7889 9439 2628 2062 411 5988 1923 465 2330 2785 7190 5542 1241 3441 2796 8648 2238 3365 6292 4724 5229 9692 6868 1237 113 2002 3938 9284 9266 4584 4882 3056 1286 7322 3675 4977 1383 8631
83 3083 6102 3434 4505 7266 5265 7200 8802 1140 2241 1905 7223 4742 737 1482 2073 210 1355 5231 6998 6337 983 8845 3638 3384 8384 3201 1831 7840 5919 869 6202 4861 7966 1278 3924 2067 2526 3653 3654 1164 5145 568 3784 3227 4709 5255 2510 770 1477 9892 2102 5712 6313 6929 3919 6948 7872 512 6229 6179 6308 4870 6061 8945 5150 2735 9202 6206 1560 4160 4626 8466 2270 8667 9603 3624 9492 1029 286 4659 2618 2599
86 6796 5591 5223 2580 8720 8452 360 3442 9867 476 5203 6667 8665 593 3673 7742 6610 4473 5874 8651 736 8078 588 3152 4956 3128 925 8959 5818 2275 7697 1090 133 8825 4155 896 3734 3548 7003 2121 9581 5311 4157 3511 9637 4873 7996 4501 452 6028 4385 1131 7314 7451 5914 102 9148 3521 5805 6395 4147 985 6645 9487 920 1611 8831 9572 4623 5976 2223 9151 3889 6734 6173 2400 9836 7286 62 628 6890 2381 8398 6728 6956 6445
85 8021 3129 4360 2155 7498 3522 8205 8710 2272 7862 9964 1851 2544 2231 2702 1017 9910 6094 8511 3103 1421 3822 4877 4859 5235 4524 8829 2525 4512 3375 9594 8794 4752 508 3918 4218 6611 8596 9576 172 5022 2200 3480 9358 9476 2429 3289 8255 2192 9821 1689 715 5098 3520 8030 2286 8980 7216 1718 5253 2118 9063 8046 4369 3945 2420 191 8216 6008 1446 7316 8411 6964 1011 7302 9347 2938 513 3507 5458 1001 1554 8522 5423 6050
79 7669 339 9115 8532 2277 9281 4045 8983 4588 6743 1165 9478 44 5994 9184 2081 8812 1757 7970 1681 714 1214 5296 4924 63 1572 8032 7298 8956 7816 2712 8940 8200 9429 775 7018 3604 8475 1508 9713 3684 4456 6043 3788 3878 6793 3506 709 7303 7189 9425 7721 9441 3234 384 8806 9641 4086 5706 5932 3018 1258 8894 6738 4149 282 8743 4247 7599 1187 2506 7883 5405 573 6361 6063 8402 8344 8935
86 3440 3064 49 5157 9059 4076 1934 4736 12 4992 3479 6162 6251 4205 6075 6914 8094 838 5538 981 725 4267 2634 7855 2730 4226 6882 6465 7786 2367 371 7605 7465 8307 6444 1897 1547 9265 6169 2571 6416 1064 6947 1909 1132 2890 3881 5530 7589 836 8556 4776 5286 3233 8883 8264 3059 6524 3195 3595 2711 4138 4425 5208 3222 2482 9876 2388 7309 4988 2793 4475 6204 7684 1450 4954 5673 9904 8562 1181 2673 14 3472 3095 2322 7832
89 6579 9888 3872 443 9002 1054 6311 2253 4755 3719 3146 9890 6724 8261 290 9251 5688 8228 3582 2060 8690 5852 6302 3541 8581 2395 340 5270 2158 5584 6021 2486 1693 8503 8326 4722 9310 2365 738 469 1548 820 2227 2821 8308 6425 9979 3695 9571 1585 3460 3674 305 4448 2273 7648 8996 5495 7602 388 9389 6760 7227 6150 6981 4975 4470 9891 1777 5683 8483 2696 1881 4047 4938 4234 7426 2050 6851 7489 8797 9241 1208 4283 7897 2908 7940 4410 8607
85 1030 6731 1290 1620 9798 3491 167 394 5438 6545 6787 9717 3581 5944 8914 7374 2064 1418 2161 2784 3176 580 2685 5136 109 234 132 1825 6698 5057 6776 6647 2173 3669 6536 5925 3647 778 3959 7195 5658 549 7021 785 3667 4605 5511 7575 7086 2943 4328 6599 6041 7935 6875 8657 8508 734 6957 7945 8231 8800 7240 405 9810 3330 541 3085 8750 1223 5596 271 3767 8022 3915 7425 4302 1545 9934 6887 5037 9131 4849 379 4926
95 5833 9808 6767 1873 3765 194 8529 130 6494 6986 2000 816 2132 5772 6381 3394 5491 6421 4186 4927 3246 9359 4352 1512 8027 7139 1846 2884 5824 1914 6961 3930 1426 3318 7123 1293 659 7128 671 7570 7084 2369 9122 7717 6309 8758 2267 4826 626 9171 4010 8557 966 5719 9065 8341 5732 8641 8410 9872 319 8889 8997 3327 7590 2966 5557 1935 1596 6472 6130 254 8354 5466 6348 2609 6636 8037 2334 7403 1713 8315 1956 6932 8058 6026 5416 4105 2143 5289 903 5559 2653 3040 4652
89 1836 9001 2652 2987 1304 70 419 7926 5104 597 1478 1632 4581 2542 2014 5728 5114 6135 2705 4286 1626 9973 8215 99 9258 7088 8348 3993 892 5605 8702 6235 4536 1327 5601 2536 2122 1051 2840 382 3438 2704 3211 9730 7027 1579 9659 5774 4593 7638 5884 4432 8412 9103 8673 1506 3724 8504 3387 7496 2706 5727 2928 6317 8480 9280 4260 8114 898 4696 9388 7757 1992 8872 6863 3584 8961 1338 9649 3282 7541 8585 3549 425 6054 7167 3966 4373 5457
88 8674 8274 960 6409 7046 8731 9869 366 8520 2762 1861 7263 7388 3818 8565 138 5298 1412 2963 2433 9061 9484 7419 1576 9070 6333 8226 9617 7755 6152 2951 6055 8424 5109 4895 6218 6650 1927 9474 9601 2498 5558 2607 3566 7204 1363 2268 1792 2245 8350 8117 942 4710 7019 106 5105 5662 7723 1735 9006 8878 281 2309 19 1869 2991 3976 496 4715 8912 8401 1904 4678 5556 3986 5196 8723 4589 6325 9197 2698 9688 2186 806 7151 8281 3984 160
82 2865 8976 2638 3296 9268 2411 9582 1741 980 9050 2058 9886 2561 5409 4568 6060 5153 9928 5198 5630 5617 9799 1511 4771 745 1828 9740 1112 4034 4611 7247 4795 2108 3333 4203 4032 8856 2581 8548 3242 9596 6820 9825 5879 455 2527 2552 397 2528 4559 9430 666 2977 9775 1295 403 2873 9276 6489 4550 2900 7610 7472 5072 6989 5924 4394 655 3106 9970 1007 1748 4976 1469 9384 7870 6679 2500 75 2305 9710 279
93 1546 3228 4182 2340 9338 5739 4539 7937 8096 8779 2885 8850 5616 997 2127 8256 9393 979 6187 2435 4610 7025 8962 548 312 6835 9933 3567 1106 6386 991 8199 1387 2591 1746 7707 4897 749 5159 4735 7063 2201 6740 4221 8248 5461 6389 7311 3650 76 5804 9012 3536 5 9481 4537 2512 9939 1395 1206 4359 9180 9562 241 6437 9684 4790 8422 1870 4578 9988 7740 2589 805 9361 5117 712 2403 5831 9445 8225 6006 3197 2054 3036 7377 2929 5911 8772 2579 8237 2016 4780
85 1601 5572 1707 7660 359 7011 4457 7745 5715 4255 3475 9192 9134 8130 2185 4698 9983 3132 7236 5820 8201 9997 7737 6974 9852 912 7817 5810 4640 3396 3429 7172 2863 7163 1225 881 6521 8158 6844 4746 8646 238 9942 4345 7994 4275 5533 2637 3406 901 2135 3189 7215 5930 1895 4319 3168 7938 9953 3516 7798 8140 1529 4067 9233 6225 4968 8282 6424 8050 6053 8064 2255 7645 9645 4025 6136 5093 4187 5210 9711 776 949 35 161
94 9035 4851 6826 2766 6009 8500 5615 6457 7505 3364 3702 8247 3382 7906 5087 1563 5851 1945 2028 7580 4677 3589 277 9025 1449 633 5092 9878 2973 2779 3559 8990 6600 2292 8123 2130 4215 2046 7243 4543 3736 5004 3628 4711 1528 162 3800 2442 4152 8013 1958 6823 839 9613 2826 7353 9015 2640 546 7117 5274 478 6984 6560 4739 1124 301 1405 6460 8194 8589 7280 137 4148 157 7876 3712 7445 6262 7293 494 4978 1289 859 1380 8538 4982 3293 9385 846 7630 2446 1739 4848
90 358 1319 9706 2338 4573 5357 9758 5418 1157 5640 2491 637 826 4704 4891 9805 4547 1087 7796 526 2164 5215 3379 8785 4825 3134 4708 973 2541 5782 2948 5729 1987 5392 1075 4908 2838 6528 8323 5475 6888 1403 1074 4664 9349 5259 5377 5152 73 8119 5582 556 8020 739 3819 7563 1257 1552 6821 1903 7183 8660 6331 2383 9965 4804 6192 9985 3977 1910 7869 1497 4454 5420 3170 7838 8451 4642 6491 6822 6945 3676 6105 7767 1232 6838 272 961 6879 750
97 9719 7291 5247 4963 7763 9517 2242 120 8958 5079 9285 5644 4935 3161 7239 4144 4995 8084 5126 8250 8042 9468 6241 5158 5581 5362 6831 4293 7208 6180 2329 6885 6973 9162 6824 6380 5171 1275 7701 8672 674 2160 971 7071 4570 8618 9263 2356 3215 5165 9733 2020 9884 2250 8682 7802 5149 1494 1505 1915 4907 3053 939 9048 543 8807 7809 3619 2734 9371 8637 483 2038 7207 1769 4545 3219 6700 5700 3138 4484 9883 9020 4997 1855 4069 7807 9901 7430 2351 9952 1709 6418 5102 8826 7673 5625
90 6300 108 9205 247 3882 8620 5329 4948 9097 2659 5068 7110 4335 9278 2310 7070 6548 8742 1692 354 8360 2626 5184 9726 2372 6715 1033 9289 6689 9153 6096 6592 1152 899 3660 4315 3975 1673 229 8202 6808 2886 5359 8903 5627 4809 4614 5547 7191 8632 8319 7332 3361 6428 8076 6836 3568 1722 2680 4793 2995 7488 6217 6269 6555 1602 8116 2119 7033 3151 350 3399 4412 8367 1431 7631 5555 9809 2095 4546 1202 1369 5922 7490 9723 2061 7557 5888 4314 2567
98 7692 3687 5580 8726 6033 2225 6016 9373 6845 7530 8847 6403 2613 5526 2390 176 488 6193 3310 8516 4989 9820 9118 6095 4158 7359 4932 7180 3508 1669 7900 2401 4557 8122 2953 168 6623 4874 7470 1365 7918 5900 295 5180 5841 2043 200 7699 9651 1646 1674 1240 9328 6072 2967 4778 3876 9913 6978 3372 2017 910 9137 2687 6547 2220 115 8633 5701 5510 615 396 6671 658 158 4565 9701 1690 6000 4756 3030 2583 1246 6658 6133 9227 8848 77 5478 2113 6979 5689 3605 24 6195 4044 3035 2361
88 5781 5681 1537 624 7607 7668 9739 3221 7010 107 4254 2165 2157 505 8864 91 5272 2798 7655 1624 7418 3891 5768 9541 7695 8221 8415 1819 8284 3178 9995 1806 1618 8495 9088 6463 855 5328 9944 8610 3478 1951 6991 5432 2867 7932 3204 6391 2257 1062 2605 1268 6258 74 8073 5343 1254 7888 5921 140 1939 605 1686 4837 4447 79 3804 7345 5500 6232 2012 1154 6336 5690 2276 4616 5958 3846 5383 5707 4595 1699 3847 8953 5849 6101 326 1176
97 9577 3194 9792 4461 915 7142 2749 3408 5803 5603 7333 6281 4192 821 8438 2441 4719 4169 2568 9084 8588 2228 6799 2495 3075 3504 1839 522 946 3661 441 6376 8371 8057 7126 4164 4092 3851 9119 4604 2866 8755 2559 9908 1871 3182 5838 5786 884 4777 4857 2921 2256 5575 924 231 5829 6568 1302 7627 2936 619 4061 9142 5257 9449 4830 5971 5815 7552 3092 8748 9049 5316 8915 1266 8179 5788 3039 9477 1771 7887 498 5747 1175 1755 3489 9290 9545 3414 5299 5703 5448 6522 6780 8417 8839
99 727 7947 6540 7542 316 2419 7581 3262 4126 2942 8269 9673 8954 4892 5522 8528 8024 3091 3467 7790 7915 587 4600 6733 9160 5527 2051 771 2496 4184 2572 1049 5561 5485 5195 4829 868 8525 9807 7914 1353 6906 3941 8067 7317 5349 5160 8790 1220 1853 4113 7029 1628 3388 6741 6408 6160 2195 1760 3011 9522 7442 3680 2139 4437 383 6926 9367 6558 4100 1499 5262 3967 8328 8963 4634 6965 2565 7188 9584 4554 7482 7221 700 4639 5695 2641 1791 2889 2069 7177 7800 8267 7861 6282 8461 5460 7434 2751
96 699 9777 368 5839 1347 6806 166 1711 7127 7651 4773 2489 8967 7528 9019 6278 4788 7770 9055 8450 267 244 4289 5219 5738 431 9379 8127 4382 7176 2739 7512 9592 956 6785 159 5519 5006 848 7968 6145 502 769 9893 5857 4211 2259 3411 1696 3241 8005 3796 6788 374 8694 8738 7336 6086 6442 8055 6941 876 18 2347 8917 4933 6527 1128 9832 7555 4625 7989 2424 3363 2357 7837 3172 6110 2339 8336 6341 3277 1041 1282 5355 2598 953 6958 5238 4527 3799 7271 5699 8332 1571 8502
99 3117 4660 8473 1975 260 401 858 266 8977 6458 3991 3421 2219 8749 8462 6928 9912 9745 3883 8033 4388 9282 5028 9804 7826 6429 3347 2363 9238 8796 7956 6017 7201 5783 5334 1402 7548 4556 3125 3086 8677 1988 4617 1986 4436 5218 2428 1879 4493 9847 6505 8629 92 1005 8444 9783 8768 7299 929 9471 7412 7709 8390 1452 1020 211 7689 3923 5018 7062 2319 928 7561 1094 8109 724 9574 1307 6718 3697 5449 2590 9597 3637 9436 9161 823 8509 3893 7571 5036 6654 6660 7069 1550 4950 5611 1732 7038
101 7507 7913 9464 9451 6031 2809 6259 1726 2540 5162 4269 3454 5868 6464 1784 5402 1195 9757 9903 9795 4534 2204 387 9014 9760 8868 1614 1299 3969 5430 3016 1952 5341 5740 634 6523 1301 7226 495 486 9112 4102 7408 5828 3809 6249 9961 6573 5453 7485 8902 5674 8074 3952 5061 6815 163 7350 1251 9840 538 2661 4310 4409 3810 4180 4898 5179 3970 5897 7454 2881 2755 3837 2126 1088 954 4680 3169 3459 746 3160 6396 7288 802 6344 8871 5520 7520 1962 3607 9368 3942 4765 2142 4329 4280 8151 5507 3424 8986
99 6607 8840 8146 9299 7738 180 2377 9342 1964 6168 6988 2616 7096 5360 3657 7420 5465 3100 3552 7102 5422 3390 1644 1860 3096 7735 7988 2494 6502 1848 4658 2497 2792 5669 1761 6011 8659 8189 4231 2961 1756 9544 6908 5536 7768 3322 2714 4189 2168 7436 0 4064 2746 1557 2094 386 1160 2407 4183 7174 1388 1085 589 9909 8154 9960 3853 2962 6652 972 8713 9312 9262 8766 8241 7400 1908 7908 2384 707 6786 3473 5107 8047 2136 8277 7835 289 3501 1607 5404 5040 7984 4792 8875 817 5776 2376 8472
