18 8229 7120 9368 3135 3748 5183 6763 4682 6778 7699 3519 8752 2925 8341 1586 9736 336 8321
13 4939 4675 6451 6873 8873 3416 8920 2633 1538 9310 9597 2168 4483
13 4767 4072 6085 8793 1989 2237 5925 6508 2136 1333 9058 962 7307
25 4866 9226 6848 7900 6915 2601 7009 2116 8361 2611 9092 1058 9946 3309 9587 9529 1103 1390 5342 4641 7235 8674 792 9532 4186
20 8033 1248 5201 6059 2729 8284 8335 3481 6660 4692 4960 1126 915 7800 7112 5937 2389 9201 3899 5665
7 8864 5608 4426 2805 2947 1932 8824
19 3469 9229 2863 6678 7125 1265 6471 2303 7142 4380 1070 9895 598 56 2610 5395 7537 5312 3631
18 6677 6883 320 3159 9155 4985 3018 1916 9113 604 123 1760 3943 2697 6911 1614 6096 2878
18 6393 7830 8659 5472 272 1072 3738 2995 4512 7541 8958 2379 5378 9840 6782 7175 9374 3883
22 1896 1930 196 7967 9205 4232 9506 4369 6308 7333 496 6117 7033 5215 9253 8066 9417 4923 7144 2698 5931 321
10 799 9219 7148 3547 7872 9233 6974 1816 9389 5067
8 9526 1045 1981 1464 2268 4138 2516 4042
21 7207 3314 4111 5094 8326 6855 4932 3960 3937 8472 5197 9340 1903 5826 1133 6417 1295 1261 2312 8185 8217
23 7691 2907 2670 4590 1756 3808 9247 3893 4312 3873 3004 5648 4609 6095 471 2517 460 3151 8735 8 9560 9765 5020
14 8820 9838 1800 8624 6605 8544 1727 3161 4148 7050 36 3728 6294 9829
10 7915 7609 8031 8299 6859 3406 6077 904 1241 923
10 5001 1504 6203 4562 1741 5391 7016 1224 2215 4868
12 1785 2532 2727 162 2888 9616 570 3671 2822 2337 1003 9545
9 2412 486 3957 5203 1894 3929 906 2224 4803
19 6582 6596 3925 7392 8903 6798 3182 2236 905 7703 3822 429 3800 9580 3853 1928 8260 2597 7111
20 5967 6562 3501 6625 7626 9091 2468 4789 6560 2331 1253 7421 4551 5683 3923 2730 68 4506 1088 6227
23 3146 8401 1791 3845 929 7510 8842 3395 8651 625 7022 4487 4462 1661 7859 4945 3734 3287 8482 9486 635 2865 4220
10 8413 1922 1795 5871 5869 6702 2886 770 6242 6113
13 4895 3044 4772 1188 3487 1604 7536 8318 9863 6554 6086 4598 6018
3 9377 1722 3172
1 5441
8 4247 1912 6248 6987 3121 4264 8383 4471
19 3735 9238 6898 3222 2762 3101 7605 6286 9855 7027 1358 7821 7056 5392 3046 4273 2321 3347 7586
17 9817 1431 1875 5565 8764 3714 594 7031 1749 4240 2555 5276 6673 8666 7426 6314 7700
23 1309 3394 2846 4085 1639 3210 6982 1275 2340 3912 8049 3448 7461 4505 9672 9356 6936 2974 4134 2594 1301 8087 7997
20 1302 2515 9167 4358 3550 8400 7807 8067 5645 3374 569 9780 3096 6954 9898 6250 1837 3898 9198 6170
18 1257 7234 4293 4642 7341 4314 2332 6996 9547 809 1690 6234 1603 1440 1171 4738 9358 641
24 8686 9264 4282 7987 3610 133 4244 1761 3130 5360 1493 1566 5640 1017 7292 771 3142 470 1026 9032 3571 3719 1060 8453
9 1779 7843 5302 7037 3645 6042 2859 7809 8490
21 425 3859 2989 7654 4209 3316 7757 5908 5605 5639 745 192 974 8678 1703 8683 9669 3716 1633 2148 626
12 8631 7516 2901 5878 9508 2153 5904 9470 6137 7982 3920 6686
15 6098 5064 4734 4539 5519 9225 3489 9877 8889 1094 6072 4797 5122 6543 2709
3 9424 4528 3207
20 3622 4969 6163 5709 2359 3828 6142 1687 3982 1719 1811 2158 8270 3464 5617 4556 8386 7722 2463 7093
10 1101 462 9623 2467 8257 8814 9321 6301 4890 4646
15 2453 2477 4046 4167 7689 3556 2479 4279 4549 6459 9748 8317 3659 5742 8230
23 7576 4879 4653 6344 9513 2561 4561 997 3473 4681 3777 9029 7798 7939 9995 2779 73 9162 3327 5978 6433 910 7410
18 1521 5465 4249 2710 4135 9867 9348 9704 94 7974 416 8619 2354 2752 2592 7126 8923 616
14 1475 5356 1589 9720 5635 7259 4667 4730 5851 1554 6372 8985 6303 5578
7 5809 1433 6910 8166 8470 5969 3755
22 6476 934 4353 6909 5901 7143 2722 2017 9318 6504 8603 155 5546 3598 9664 2325 4500 2806 2349 8132 316 4987
25 5014 1595 5998 9584 6566 8125 8935 333 7285 22 8725 9096 8811 8234 7262 9173 9094 4458 2050 6792 2103 7183 4324 3359 7375
13 461 4031 6067 281 7754 65 4443 4903 2614 4159 9866 3521 6090
7 7066 711 9612 4584 1844 6595 5390
11 7445 4838 1442 3248 7752 6368 3715 4501 522 4799 9387
5 175 7837 8062 6932 6190
20 843 485 6746 1364 4594 2 2151 3141 122 2104 3973 8081 7177 6714 3801 8525 2812 6514 8238 5545
9 8996 4981 9433 2452 2694 4317 685 2922 9097
5 6237 1644 523 4206 4796
12 8243 3203 7048 6121 1924 5380 2374 4420 8083 5629 5275 2152
9 9952 147 7078 1897 7647 6038 9268 4710 1000
10 9249 9519 2522 4510 5436 9589 3238 5011 4133 2625
8 2275 7613 1536 2772 2114 1987 2586 794
11 2505 7629 7569 4117 1810 8225 2241 6515 3111 2055 954
13 5087 2547 7075 8986 4534 8295 4010 966 3520 9120 1602 3836 4319
21 4724 9288 3466 4907 8450 7823 9103 4263 6102 4608 9924 2029 4721 5786 3302 5560 5657 2637 438 3771 3727
26 1160 886 3157 7407 9694 7045 93 3494 9224 1389 3841 213 3813 2584 1450 2295 6126 2047 5589 3942 9434 4671 2326 5270 7676 8519
22 553 5684 2910 6120 3731 537 1629 3011 3241 1965 8673 125 4025 2646 1242 1808 9760 4735 4446 5280 3612 5225
2 6946 5903
6 5116 2543 3751 1459 3088 5334
23 6172 8694 8827 6197 5976 6375 4718 5379 1591 7258 7797 653 9142 7308 8002 3695 1351 5930 5319 7863 1095 7625 2203
5 4355 514 1376 5821 9573
21 5405 7503 2867 7525 7384 9270 5134 8432 9835 4073 4597 9588 9502 4422 6535 9197 5928 6661 1865 5361 5125
21 2797 3373 8869 6737 7457 3811 4821 9810 4942 8250 2955 1165 9490 2553 6225 5178 3630 2830 2080 4904 8119
21 7941 252 7415 2191 3625 3328 8159 733 9275 4847 2832 8828 2201 1712 7170 5960 8061 5551 737 4649 8957
12 7808 9505 8312 7381 7502 8926 2089 4290 6387 8437 8422 8019
10 64 1109 5899 3646 8664 8798 4711 1679 3689 8402
26 1189 1211 8075 8945 4270 3874 9027 6165 7403 8115 9435 3582 878 7908 3118 9108 1262 6195 8685 5613 8215 8106 796 3652 1698 8535
20 156 876 4068 2959 9479 742 8813 8325 6531 9788 9122 4765 236 1728 2968 5977 5439 6257 1547 6603
19 177 9561 5994 599 9089 4060 7488 2062 2431 3389 2370 7756 5505 1467 6028 9714 8080 9915 4018
21 775 7769 6161 1393 3561 6824 4340 2129 991 9293 4198 8172 8068 7419 9713 631 2259 3998 2728 3688 1599
20 1422 9975 4227 9370 7334 249 7635 6802 814 2380 7520 110 7023 3971 6788 3965 4554 5652 7641 9311
20 9846 7118 8542 8953 3851 3271 4472 9085 90 3269 1320 6129 8762 1919 504 6354 4723 5588 1813 6993
17 4958 6971 6188 3133 7515 5933 7984 1612 2042 8111 4952 1043 5814 9977 4728 7242 6650
24 3364 178 4328 4045 9632 2234 3075 3231 1466 1314 4621 8258 1485 9655 6320 7970 5216 2575 2723 9423 1426 8622 7257 6559
14 3729 6276 3736 4175 9953 6428 4161 1585 5935 2764 7054 3076 7057 8301
12 7171 9186 6972 7199 7473 4508 4808 7228 783 9168 3928 432
10 1256 7988 8239 7296 8974 83 6389 1525 4899 5059
28 2665 8970 2292 8987 8901 9141 6722 8911 1539 2437 7507 2950 5080 2454 5462 960 706 8144 5555 3581 5845 9007 7702 9591 9296 430 4145 1038
25 3513 7344 6902 9729 4776 2402 5664 1012 8833 5992 385 5061 4919 3674 4850 6837 9431 7596 4740 2267 4447 1021 7771 3158 7189
10 2578 4792 4130 8506 8373 9462 5219 7990 5471 1084
25 1968 1415 2072 7873 9687 6672 3699 6312 1229 4722 50 5966 6144 2478 1975 2824 1822 7721 5224 5644 5162 8008 8454 8797 9771
23 7730 4696 821 5160 5009 8801 4113 2498 5031 6540 3027 8399 8863 6406 9978 7979 673 5893 2182 4962 2294 9940 8365
21 8190 1942 3798 7614 8266 365 584 3496 3913 703 2801 9856 8056 5580 5767 6973 6555 5633 3863 8350 557
23 6132 9133 8028 9160 4701 4698 9337 1854 1657 4461 7942 4283 5789 1484 5974 8942 197 5609 7977 6317 8877 4577 5723
21 2930 7134 1412 1299 7894 7508 8562 561 2142 6240 2756 5026 5761 3293 5638 4412 5594 1991 5033 1347 8278
21 5837 5193 7778 5632 4832 9355 4582 2190 2179 2040 4470 9295 9957 866 9258 4230 1764 4911 9025 8744 8377
21 6570 9466 3675 6491 4274 8220 578 239 5210 4323 634 3061 5754 6408 2630 1270 7892 8152 9484 7784 5571
16 3775 5579 8737 1220 9701 3228 8662 8687 215 5133 7331 4805 5522 7998 9755 7972
21 2385 1511 3867 2107 1799 8743 8767 9322 7205 7720 7091 8809 999 2763 8964 1624 7950 8880 6766 7733 5596
12 921 2675 7564 6056 9073 7122 7343 8455 8078 6330 6631 1055
19 1613 5279 9478 230 6452 4533 9442 1818 6325 6226 3407 8393 4991 6145 2914 7074 1677 1127 7731
23 4713 629 2415 7498 6963 3862 7274 8976 4851 3574 8524 2285 8963 6167 78 5278 42 4548 8468 5544 1878 7533 5775
9 9276 2377 1620 4623 8968 5812 7079 2618 1652
23 4593 5660 8984 6579 6882 1541 8051 9077 4219 5929 9724 5548 414 6047 8844 5217 363 6947 5747 829 6499 4823 8648
12 6280 8378 5713 7555 2972 2602 2527 1392 8661 305 126 8047
15 8167 5838 4006 3056 7852 3486 1658 1683 9499 1549 9637 1210 4424 4341 2276
25 9546 3530 9082 9272 1330 2126 3772 5527 4407 5849 2793 723 8975 1572 5822 1621 7412 182 7052 743 6573 5673 9608 3723 2845
27 9134 3482 772 949 9031 1774 680 4824 8748 9080 1853 8872 5733 1401 4946 6256 4660 3318 1089 9196 3336 8503 8409 5269 9906 6439 5449
4 5766 8094 2745 1880
26 6133 4344 4756 7169 5622 285 3621 399 3948 8881 1590 3212 449 5397 9415 8567 5468 5354 3143 8680 7833 5150 9145 401 165 1966
26 2696 4034 159 1745 8263 8103 1891 3534 3963 4096 6488 8646 2526 1310 2837 9460 8829 8201 5153 953 7390 204 6496 9427 13 6665
26 8642 7425 8782 9809 4105 9928 6657 3499 130 8296 3053 9043 1501 1748 6281 5166 8851 6827 9973 3548 9984 3179 5855 7976 9937 2172
24 3190 896 2661 6871 1738 5603 6930 8214 5400 6751 2740 6975 7237 547 543 4076 3031 9535 9047 2155 8931 7059 3903 8870
24 5375 1441 9684 9195 2924 883 6850 6391 2229 8591 9023 9571 9239 889 6801 6109 7124 1483 4313 9756 6999 755 3733 3633
4 9617 6896 8806 6544
7 8367 1319 6184 9365 6017 9414 3861
10 422 9842 9242 1864 286 353 2796 1980 8693 1555
18 169 9410 5628 2260 1943 8719 788 9932 5345 9468 2046 9646 1497 6546 937 5637 3791 4091
12 3366 3778 9070 5070 4087 1110 6744 5669 3312 3559 4416 5575
20 7759 6009 8485 8742 6333 355 6772 9298 1050 6803 2560 1328 7786 4067 384 4998 7029 9210 3298 7937
8 3732 4595 7933 7761 244 5844 1752 9287
11 4854 6698 8615 4070 1940 160 8336 8838 44 6817 3185
18 5751 300 7558 4858 7903 3173 8431 7865 9328 279 2956 2299 7599 6949 9807 860 6860 9693
19 7253 5409 8272 2680 5959 4213 1532 4055 5386 10 6785 2274 3282 185 1596 2403 8428 1395 1626
29 1845 8671 6213 8909 4089 254 8510 8105 7587 3449 4092 3796 6436 4634 7222 8286 1648 885 7925 1607 2493 2334 6032 8282 6266 8352 9396 9227 4891
12 2741 660 7041 9394 7466 4937 5481 7680 2284 214 5484 8553
22 986 9209 1169 4356 7309 1176 2802 2874 2154 1198 3295 232 97 2678 9674 7299 6157 8845 7983 2219 8888 1562
27 6048 102 7816 3746 6865 3205 7712 3710 9420 9881 8649 6116 173 9725 8281 3752 7893 2708 7096 5 5469 5065 9522 2615 8625 1052 5616
14 3057 7203 5043 7745 4966 8585 560 3393 8101 6832 2341 1819 7819 9824
15 241 1349 7019 1746 2121 8785 2829 3127 4318 736 6064 6486 7749 2590 6753
19 8236 8529 6597 379 1004 7627 4746 3570 3266 5329 4360 9386 6838 2358 7529 9911 8634 1445 5573
13 4914 9202 5853 2781 3493 374 2023 4677 3694 8605 6080 8138 1009
19 1465 2180 6643 617 552 6182 2473 2551 463 6081 6880 6231 4777 9917 7273 4974 2099 6795 5111
4 4704 5091 2049 5398
24 6119 7438 1081 7135 7931 5584 2021 352 6617 9837 8015 4669 6106 7265 7233 6810 1673 4632 1149 2193 9663 6099 5485 142
7 8071 5239 6867 9818 899 3132 3611
4 6966 9761 8854 4027
12 5650 8876 9564 4744 9044 6214 5623 4180 2858 4759 5543 431
16 2181 6814 3958 1079 751 7901 9019 5965 4688 7835 6015 7660 424 9178 9834 86
13 5503 7494 2919 5124 9346 8344 8251 2258 9488 1454 1195 3500 4393
25 3270 2060 7448 6618 5782 5725 193 8218 8705 6861 6179 7570 52 1982 6289 2487 3516 9006 5521 9966 7436 6890 675 1951 1805
22 2352 2999 4171 4139 826 9151 6907 6864 6593 1123 6868 8821 7167 9218 7288 2860 798 4390 3887 1343 480 4729
29 6438 1557 823 9737 2119 2386 3085 1271 5995 4840 6833 5529 6800 9516 53 6522 1736 9230 5247 7539 4650 7317 3683 1128 488 5688 9126 9443 9776
16 4396 3054 4021 9645 2979 659 9482 2541 628 1059 5752 6046 5950 2255 6853 263
15 4658 9037 348 9836 3657 4195 3722 5123 8407 4014 1061 7844 532 8147 8543
30 32 376 8176 3290 5866 6893 5187 6407 1051 6680 624 2546 6429 5233 1405 7755 8531 1434 6259 8017 2725 1952 1739 5839 8043 1809 2310 2373 1150 8850
27 4957 1046 5069 9731 4477 3790 4331 7080 282 7326 4384 6726 979 4075 3545 9643 5963 8944 2496 6037 3834 7127 8114 1238 3229 7204 5370
29 9314 8445 6024 7916 9263 3532 9859 6114 4924 274 9330 967 5852 8627 6841 7961 5261 8141 5448 344 1173 2396 9373 5735 1846 4097 948 2134 4197
25 9164 8831 1863 9497 5100 4888 7643 5619 8610 9159 8560 1098 1486 9143 9437 5117 3303 4182 3889 5591 1147 8658 1858 9614 2410
21 3616 5539 8112 6647 1480 1282 403 5692 8334 7164 3628 163 8815 7521 919 2096 9660 6348 1375 9294 302
28 6498 8955 8259 1215 6082 7693 542 7422 8505 8293 9496 6905 6043 894 8732 4647 2500 777 2028 651 4367 9339 1144 983 9878 4160 7348 1619
16 6293 6526 3524 9896 691 1193 6757 1911 7440 1790 8883 5052 7582 1463 7542 7362
28 2245 3047 3112 5433 4555 9481 3326 8652 7493 2771 7785 2315 8481 1073 2409 2350 6937 4964 2672 1694 6217 2823 8082 5325 9650 8267 638 8163
30 3972 1667 3789 6222 2648 2082 2958 7922 3308 9939 8148 5023 2861 7848 6299 9093 577 5577 7388 6797 6666 8561 2612 7244 2010 8255 4909 1137 9536 2508
29 9557 378 3453 9265 4605 7812 9858 865 5952 1182 9908 1519 3979 1448 614 7396 6431 1011 9893 4427 111 5964 9217 9129 3523 888 9918 8443 971
31 1386 5627 5783 4007 7364 494 3770 4986 8023 5879 8918 912 1387 5259 9248 9302 5675 3372 9894 4004 9181 7932 5151 6421 8151 6509 6621 7969 5286 144 8898
25 6742 3220 572 4585 6196 8555 646 5701 7382 2171 6462 4543 4359 9548 9583 717 9245 2027 6388 255 7951 8522 1379 3712 6768
12 3840 7464 3323 8117 2891 2120 5490 2204 9986 7954 707 9601
11 7444 7960 4262 6180 5056 4122 548 7427 8879 2499 8120
11 656 982 3993 4544 8194 8353 8804 2206 3421 1700 492
3 2212 1533 1284
22 483 1684 9179 3970 6336 5526 444 2790 8760 9934 4690 2765 2850 7604 5171 5997 5772 6781 45 2196 5121 7600
26 7690 2577 92 2464 6247 4366 7414 5915 8988 2037 887 4626 5301 450 3784 6628 1025 9826 8014 3355 4333 7530 3014 7968 1306 5443
20 2934 6575 9819 1250 6784 475 9156 2220 2652 2938 3267 2667 8616 6648 7260 3661 9572 2549 6846 3367
24 4782 1102 6402 6484 2548 1264 6856 6920 8099 3007 3446 4809 1296 1477 9553 5081 727 8570 8389 9371 6112 8526 9909 3422
27 2992 9795 2639 2981 4532 3974 833 8004 5537 9299 6253 7179 2948 4168 1950 7887 9491 1806 8734 4284 8304 6249 3984 3033 59 3110 8717
16 497 4205 5695 9127 9923 4989 6156 8502 4938 575 8906 3508 7930 3599 1130 2951
32 2036 8219 7190 6076 3117 3584 2921 9118 2395 678 2884 2804 6970 3673 2443 5004 7137 2360 6683 6282 2485 6229 9124 7423 5170 411 7820 2019 4277 2200 7938 2208
25 9289 225 6078 7595 5803 2558 4709 350 8645 5163 4330 1583 8438 5411 4559 6935 5916 5685 911 936 7985 70 421 3313 526
9 7567 9625 354 8191 1474 5847 4433 4802 4941
16 9757 1723 4587 9511 9065 942 8118 6013 5557 6921 7453 2005 1141 8528 763 7017
18 4733 1729 8042 5107 2916 7579 3227 1721 8273 6345 395 8177 2139 8140 4322 536 546 9914
5 9254 119 6563 7092 4887
26 2056 7884 2207 1263 9832 6956 2585 3636 9475 189 5394 1042 2991 9659 7012 2085 9064 4454 834 246 9301 5867 9312 8722 7181 3781
23 3375 4115 7994 5234 704 4327 4063 7912 7794 8316 5473 8007 9706 7462 8539 184 9709 776 4378 335 7200 8875 7482
12 6069 5668 9620 8173 9833 1381 9148 5414 4308 5331 7219 6518
29 935 8059 6638 9180 4643 2817 1768 6041 2645 458 8366 6692 67 851 8927 7675 7201 7584 304 312 2391 4129 705 1812 8174 7946 7597 6322 8594
22 4107 290 1910 671 2217 1311 7191 643 2383 987 9000 1181 8516 3437 1154 3404 8027 6623 5755 5257 7038 5979
18 2216 7710 7208 6809 6261 1143 1236 2416 2744 8417 5585 1404 8781 9257 251 5467 1207 836
15 1997 9613 2440 7284 1836 8729 5759 1675 7084 4061 3310 8751 1462 6355 2814
20 8816 9562 4141 2651 9610 2635 91 5453 2115 120 4491 152 6839 2842 9474 4351 2048 5975 5230 8582
27 1994 3445 381 2952 5422 665 753 3036 7729 4099 1179 5323 280 6359 1297 1217 7697 2311 9403 4373 4287 7068 9648 6769 5825 2953 3289
17 4482 511 6023 6967 8300 7715 2108 5366 872 9767 7781 4731 307 4769 9507 2964 4662
8 3739 4450 8595 4552 862 9968 3341 6152
28 4920 8146 6710 6645 9199 9075 1436 382 7490 9357 2144 7099 243 8954 5053 4146 2022 6696 7089 3084 5726 6577 1476 2456 8327 6271 4813 7623
15 3717 6021 1430 380 1733 6969 1553 5211 4988 8018 2045 5309 9212 2414 5071
31 3200 4050 507 7692 1565 5426 2388 516 9300 7724 2250 5305 4394 4190 863 5292 4423 803 2160 5333 3769 3412 735 925 2317 9533 6614 8704 7035 8943 6288
16 7602 8133 8747 2338 3502 5291 9440 5567 1710 4699 2417 1117 2866 229 1225 2848
29 284 8681 6729 6244 9897 8403 7573 3765 6223 9054 5564 2248 7351 2875 7832 2003 9667 8859 4672 4620 3217 4861 8384 2069 3162 9259 5474 4298 6944
18 2783 4520 9933 8916 7294 4210 4191 5321 1367 7295 5311 7300 5119 8884 8269 2862 4392 5939
38 2399 4246 6718 830 5351 5566 9696 9450 4297 292 2686 3623 1660 7103 6580 9028 4212 6806 46 11 8362 8242 5863 9208 968 4486 6130 5186 9063 6667 9279 149 9266 879 7069 7751 901 3569
24 6547 7698 8940 7535 6716 1725 4404 8843 2600 9378 6367 5088 4218 2242 4810 5000 8180 4193 2475 5363 7828 148 8959 7349
27 9815 950 2663 6141 66 3669 4147 4607 7361 1348 2063 4881 3438 9758 7856 4748 3223 1571 2066 1373 664 8755 3642 669 8726 5798 6364
20 1200 9349 6297 3553 2640 6938 4719 7327 5200 5642 8315 1960 5258 6542 2059 7053 8124 441 7044 1540
30 5090 4088 2041 6392 7236 4913 1245 8609 2809 7370 9324 2122 1988 5558 2996 3483 3551 7121 3725 4950 3955 6347 2807 6207 7719 8265 7783 20 3128 2563
21 5757 3411 7243 4028 3433 9100 6652 377 6659 9408 5169 1787 9554 6176 6758 7853 1321 6668 6646 7439 9803
27 8448 4020 7628 5620 100 2937 8882 3721 9912 4613 4689 7806 2535 5872 3450 6331 2052 6124 5793 359 8356 1007 7163 4530 8199 5714 3097
24 6265 3083 6922 4153 6512 8761 7275 2264 5962 9333 9234 3757 6940 2398 7790 9447 3660 4578 9958 8966 7247 3106 3252 9569
10 4349 9705 4411 4465 576 6933 926 1174 4057 108
28 5285 956 6338 6842 6503 3263 3477 3435 3759 649 9228 2556 1963 5824 7866 1016 8721 4936 7659 1678 5831 9119 5431 4670 4178 3042 5817 702
33 5017 9549 6186 1106 5601 9068 7811 3940 5700 387 9983 4248 1460 6398 6396 2513 3946 5271 386 6262 7046 3363 7736 5924 1881 479 3983 7617 6872 9439 6991 2502 181
20 8351 3816 6550 8795 4875 908 5317 6416 7340 9902 8668 752 9644 2302 4466 323 2131 1772 4580 5894
14 3381 7962 5729 6962 8347 4889 2719 2282 5164 2965 1704 7095 8623 807
10 1804 4703 5686 1399 301 3048 1380 6258 2606 6919
21 4761 7557 6984 7193 6255 7239 8244 4335 5374 9682 2222 8466 1616 1953 2638 2579 8724 8202 1579 2677 8654
30 7249 1986 5711 8155 7277 8937 397 161 3583 2906 7592 8074 9639 510 850 7354 8776 5910 3706 49 642 3385 9967 4541 8012 2253 1573 6505 1718 8947
16 8382 9382 3921 3966 7685 8085 9464 1587 715 6243 1067 2133 1526 8710 1653 6074
13 5541 2537 1272 856 8188 5576 1886 3370 8303 6230 8677 7393 8196
26 5282 6245 9002 6903 9712 2954 6808 2272 1428 907 121 1709 5984 1814 5947 754 5840 2918 3981 6108 322 7073 4275 1931 2322 170
21 5025 4665 2649 6058 3585 2776 9033 9576 2355 2035 9735 5550 959 5610 1747 8039 4012 9989 9841 747 1140
28 6202 199 1550 6430 8412 5260 8938 6762 8990 6283 8416 278 7505 1239 3319 7345 1368 8427 1167 2570 3525 2127 5561 8162 6533 7136 3115 9865
29 332 1908 417 8298 7337 1523 3952 819 793 3592 4770 2766 3509 8749 4902 9498 7313 5805 4526 7805 9688 8846 9086 5277 5346 3256 6310 2593 7476
24 3541 565 6220 6356 3666 6216 1884 9158 3122 7176 1831 4651 9607 6682 693 7620 9455 3954 4254 9741 5461 3641 3890 8046
20 6765 7102 4029 1222 1232 4410 990 23 3297 103 3878 5750 3254 1696 3856 5476 9206 2450 4778 9005
4 9543 9927 5891 8308
28 2539 4830 2881 9138 5437 5040 115 930 6290 4266 2501 4489 5770 6146 6382 1775 5421 3353 5110 2054 861 9051 8460 898 2138 6534 5293 2617
38 150 2973 6711 9634 3915 9042 6029 5656 6587 2732 3783 7971 7857 4843 9611 6764 4221 5670 2156 4336 8491 6510 2428 6049 3941 8639 4780 6770 6986 51 7241 3274 9369 3522 2853 5434 7481 3480
6 3821 6836 1830 6879 8108 8596
30 7975 9030 4207 5602 6825 4615 7829 3648 6885 7920 2835 9785 5372 3799 2607 8475 8143 6743 4625 5810 6679 6211 5740 9542 5506 756 4766 7989 1277 9334
17 7248 4863 8554 3420 4807 1023 3635 5986 9959 2629 602 3427 9013 8808 2227 4354 4865
27 3129 4507 1186 4657 2235 2167 4990 3740 6953 740 4591 3277 6386 8288 217 3070 1196 4389 6891 6010 4142 4463 3956 234 5563 3265 2961
17 3188 3632 2382 4826 5712 1496 7732 3793 2568 15 7796 4409 6094 17 670 7782 3491
25 4421 9805 839 1777 3398 8379 6989 3909 3554 2397 6218 4629 698 9699 5496 9697 4183 5781 7157 4640 3244 1514 6246 8837 2983
18 7648 3830 2782 6536 266 9742 9657 3194 6319 5593 5739 538 1274 6854 4573 8139 9451 8319
22 2657 1527 1518 3557 7152 657 4764 7010 1946 4326 5221 4712 4449 4524 7921 3272 1594 7673 4978 6958 7527 762
28 9012 1221 533 8198 4602 3875 5516 6089 5241 897 408 9366 9821 2137 3896 6530 1890 7107 8186 5671 6524 3063 7369 4444 2195 5707 1216 3134
30 2147 8434 7683 4250 4973 3181 2900 1601 4481 9823 7726 8830 9232 2197 453 8584 4368 2895 1032 9285 4612 4676 2347 9147 4996 3094 3456 8411 7559 1510
21 3362 5417 7750 4033 4786 8153 3339 1468 2030 309 855 198 8126 5242 5410 5787 5002 3950 9384 9211 3838
27 9255 2690 8653 4953 5214 9947 2927 8791 9429 8285 645 2885 7383 6980 8822 6720 8533 4188 8626 1329 5956 5542 5142 1385 9891 7795 840
22 245 8573 4048 7630 2596 6622 7130 1237 1740 7727 9683 5385 158 6209 5096 6291 6489 2987 7758 1191 4158 452
7 7355 5008 8601 5099 3568 7549 773
21 4833 1995 6003 212 2000 1755 3904 2323 5907 5076 7663 4884 5092 4074 8076 151 6928 7178 7858 1446 7909
24 9320 8328 9869 9104 7465 172 3605 7255 9743 7668 4872 9062 1152 5777 5073 7650 1071 4856 5136 8116 1435 917 30 9530
26 277 4109 8832 4228 2112 6399 2270 7278 9844 4654 4125 5914 1119 7560 6055 6105 3935 6612 1096 8825 6878 8398 4680 1758 4156 3586
21 530 9627 718 1177 8035 2304 2261 1693 2525 6719 7232 8530 1692 1598 6713 8571 3837 1479 4181 1961 9215
32 3989 3991 3092 57 6538 922 7442 3938 6805 952 7746 1429 7777 1396 1979 6925 2882 654 5681 1361 4235 6687 5905 9814 1158 6401 6690 828 8641 9971 5046 9354
16 200 2566 8588 7226 5477 7085 7662 8038 2174 8691 8446 3225 8332 4886 3656 8540
32 5890 5636 9830 5663 3191 9769 7246 6413 9165 3108 5495 6313 3476 9388 127 9163 1069 2715 1850 3650 5103 7734 9221 1219 9350 8790 1258 4041 8279 1645 4951 8036
19 4184 6410 3614 7071 5534 139 985 6371 9994 2091 3235 3886 9154 1093 2540 729 6723 9916 5179
15 4935 9806 435 2198 5888 633 5240 853 369 6985 1676 9444 9101 2565 2445
13 8203 9469 1313 1503 9631 5892 2442 2077 4652 4065 2288 7713 913
31 8978 4630 2780 482 4137 415 780 5298 7492 9135 9950 8182 3077 5704 3455 5835 106 4051 1162 6637 4707 5512 5109 7851 8887 6065 5098 3860 8098 7283 5865
23 8548 9316 3786 730 7874 5719 1627 8868 8309 4485 1491 1537 6703 1716 9192 3230 5492 8948 2847 1701 9749 7356 2307
12 8892 6296 4011 9848 2433 1882 4189 7845 8168 1732 4691 8497
17 6239 2074 6128 9654 4659 7554 6942 3510 1508 2291 9972 4636 6181 9489 7910 8895 3705
13 9495 4624 5920 3022 1223 7172 7276 8192 8891 1542 5024 5587 1868
16 3176 2681 1267 9252 8077 3823 8841 3472 4745 1763 8946 4363 5836 998 1254 8211
28 3976 9965 248 439 7430 9487 7406 6523 9364 5012 4256 9962 8093 8835 5658 9361 3919 958 6552 2582 8048 1654 3959 7450 6285 2940 6212 4474
32 4200 9401 9274 9078 5205 5507 5816 2495 655 6034 9710 3879 1142 9527 5310 5135 880 1075 7286 5981 7879 6727 3074 695 2994 528 2699 63 1427 9764 7723 6477
6 3572 1778 6904 5862 1163 5513
30 8979 3461 8370 9944 9559 3544 3795 3066 6537 2706 2852 6446 2118 4062 3594 2896 7788 1331 21 2065 1671 5274 1927 5084 5749 2569 9413 4812 5078 9146
26 8277 873 3292 6604 2407 1535 7590 8034 3707 4086 4110 3485 7447 2367 7328 4509 1187 3040 6568 7955 2287 1290 1958 3514 790 4545
37 3459 5500 2642 6125 7372 4502 168 9538 9035 8637 4400 1453 1628 3785 135 674 1030 7479 4388 7321 8621 9074 8109 3165 7743 72 6572 5590 6140 2811 7290 648 5949 1829 7251 143 4908
21 9191 7428 4848 4225 8207 4794 8346 9628 4372 330 146 5861 7211 716 544 2362 5909 694 5102 8565 6527
20 6851 6164 9744 1233 1201 6305 3199 608 5371 9708 8467 2564 4702 9745 2868 3002 12 8057 3711 2038
28 3104 1869 1240 6012 2605 9477 1685 7847 1281 6062 1872 7149 515 8992 2186 5268 2086 7155 1820 7238 7753 389 1129 8084 7705 5790 7825 2554
26 328 9306 6875 7876 1970 9751 1346 1797 7456 8665 2043 7312 1937 9872 518 6578 129 1851 6847 6600 8452 3337 5508 1202 5416 7281
20 7357 499 6066 3213 7474 261 7076 7949 6171 3844 9594 5336 5412 9501 9808 5202 6158 8908 3012 3617
36 1635 4455 965 7224 4869 8128 2305 5799 3073 992 7513 8860 3082 3901 3317 5041 1461 1008 6178 8779 3474 2789 3894 2093 6707 2075 581 1185 3854 8669 6035 7391 3214 5806 4972 3848
29 2106 3849 7768 8803 615 8682 832 1835 2857 1564 2969 9284 1934 257 5864 4187 4535 6469 6948 2636 6791 5834 7437 9606 7639 6775 7268 8100 6917
10 2426 4194 9813 3024 2717 8780 2393 8063 4857 2346
9 3384 8792 7196 2128 4347 7316 235 4892 1855
7 7846 1697 6409 3114 4720 9680 3202
16 5744 3424 4661 2626 6756 1206 7924 1873 357 7197 517 1668 8788 1064 1892 4315
18 7451 2963 661 2957 1524 9633 5054 9345 1529 4439 6036 8305 3324 605 1849 7368 4755 8612
10 400 874 1276 7580 1208 174 2376 5035 5631 58
30 7104 1100 5746 3601 2455 7666 7323 9071 5829 2482 9262 2967 9964 5158 5794 5347 2768 2004 9017 2753 2872 5625 2689 8478 9034 3350 9747 8714 5819 1905
13 5572 5466 7804 1744 2518 5762 242 7973 4236 3417 4606 994 7649
11 8104 5480 5475 6311 6725 3897 1172 7814 1898 6840 3664
36 842 3160 9087 7585 6804 975 5089 3603 1326 9537 6739 8368 8575 8164 2799 2187 2246 8160 4278 1121 8419 7363 4915 6478 8997 1131 1085 4464 4229 3563 5926 3349 5423 5348 5987 2252
19 1090 5721 933 7000 7162 5228 9457 4163 8644 709 2076 6426 5074 4093 6774 9079 4329 1559 6185
21 6877 1489 1973 5155 5062 434 2033 5801 4862 2024 3247 8248 6050 9261 4434 7583 7624 4005 8070 9970 5149
22 2436 9412 9595 3017 3050 2497 9738 9353 6474 3193 25 7063 3059 6759 6448 5634 3945 1936 5198 3080 9786 5599
12 2006 1530 7677 2293 4980 9045 1500 1689 7034 3058 3105 2573
23 8435 8073 4836 7882 1509 3949 8667 319 1470 7672 928 9110 5313 4831 7408 3187 7291 9040 4337 869 7302 1699 8572
12 8586 3329 4352 8973 2164 5514 601 7132 6268 7256 9379 2430
20 1984 4437 9544 5654 5369 5554 7927 6360 3947 8348 3325 9251 3926 4926 5731 9942 6045 3369 6701 8501
20 7116 6735 8786 8410 7934 2751 9754 4572 7838 7917 3243 4000 8364 7305 3914 973 2993 3458 6419 4841
33 1593 2899 892 2748 5996 5710 5189 3396 1647 3537 2831 5267 9539 7633 5764 582 388 4144 3299 220 1615 6760 6640 1049 8358 534 6992 3484 5401 4339 5157 7154 2659
18 627 9246 5856 368 5382 28 6224 5618 6516 2685 2249 6315 259 623 4901 2243 749 5048
25 5113 6747 5332 2439 3163 8026 361 4442 4342 5191 8871 6869 1091 858 2369 3922 6599 3626 6394 9250 8340 722 6675 7855 9472
30 7512 3951 5510 1852 9602 8447 4666 448 2105 6208 3905 7301 3345 8551 2613 9734 3150 4043 7187 684 8741 3876 1366 3434 5470 690 9811 299 3043 4040
16 3758 6304 2742 3773 9926 7380 4017 5553 4361 4678 8369 3780 8488 2032 9770 7105
14 7230 4223 4511 6455 9586 428 8856 7684 884 2202 8197 1753 407 4321
27 5948 2838 9851 1674 2520 4080 3490 7792 2470 7686 3866 8695 5082 9273 3354 8339 508 3776 1352 8165 3137 1458 9534 647 9762 4771 9515
9 6329 1024 2422 2736 5889 9067 390 131 8569
11 6135 2357 5358 1734 5307 8991 8306 8397 7304 4817 7133
21 8711 867 5045 8494 8800 6705 4164 8995 4617 7145 6776 4272 4082 3864 9600 4916 592 7568 1285 1691 1887
10 3257 9459 932 4118 2583 2371 9555 7577 9922 632
18 1438 699 902 4260 8462 6377 8394 7694 7644 3039 6187 9331 7593 9336 7831 8349 4310 3857
21 8024 6924 9691 1002 3685 5540 8933 2025 283 3296 2533 9398 2795 1659 420 3125 9467 7338 26 4922 1972
15 2166 6884 5295 854 6200 7387 1455 2898 7679 1411 2178 2810 4639 9740 5127
12 3540 7553 5487 8426 5425 69 476 6521 8461 9277 3378 8847
18 190 2079 3208 6110 1251 7117 1054 3833 4493 3842 95 4300 8772 141 3760 4476 1403 710
15 3005 8158 4414 4467 6793 2109 4775 4992 8307 5999 6027 9049 5272 6889 1374
19 5615 7129 9463 4255 9845 640 35 5662 7762 506 81 5340 1029 9941 4762 815 7500 426 835
8 666 8493 8768 3782 3258 8952 5140 8253
18 5218 8484 1630 3640 8055 7704 481 3426 7867 9282 9483 9231 4492 5159 1976 1823 7289 9931
36 8630 1228 8376 2123 2026 9640 6340 8187 8915 3418 1175 8037 8951 2140 4024 1199 1168 5120 6134 8576 3237 3099 5288 404 6823 4774 3703 1720 3762 7772 5854 3576 4108 8874 7374 1288
21 4873 2297 9579 134 4517 1631 7944 5036 3497 2425 750 5518 3071 9189 5768 667 2905 4697 3383 8375 2815
17 3527 2424 9128 8021 8699 3068 3910 3148 5955 5674 6316 6584 8504 74 5263 4302 9954
13 9046 7687 5387 7325 1582 8861 3180 3140 9781 9448 5988 8423 8232
13 4877 3651 1192 5384 2189 3189 5595 5010 7878 6990 7185 5774 0
8 8227 7854 6717 418 9726 4239 9309 4795
22 3708 3750 3124 5451 8268 4787 8440 5556 714 118 4925 9732 6104 5355 3871 7485 9604 5264 9123 3064 4760 1929
10 6794 7948 9609 4522 7776 5051 4311 9661 4268 1336
19 9733 1883 8149 4583 9920 4154 697 3291 1416 2966 1444 3764 291 1183 4215 2149 5832 2851 2007
23 2296 3049 9347 1372 315 2711 2928 9286 4910 8629 1260 7174 7548 3680 4405 4114 4498 6591 3028 1327 3153 2363 9476
32 1332 477 1406 8262 1605 2233 6004 8566 4705 2536 9385 5679 5913 8981 4441 4784 2228 5050 9407 9900 1656 8245 446 7480 2223 7378 4540 3224 5294 3698 6445 2873
14 7188 4475 2603 9996 1625 3358 3536 5687 2145 9269 2650 6019 5753 9794
9 394 1194 6189 4867 7631 3885 3542 3051 2591
19 2828 3245 7810 7575 5284 6539 7271 451 8771 8818 6468 5677 5432 1638 831 9391 7615 4338 2273
9 1879 1492 1874 7534 4415 3906 2534 3824 1087
25 6607 9406 8932 1609 3236 4428 6327 8464 6173 7263 4798 6771 1985 4588 5597 6079 7469 6014 3010 9241 603 4747 758 6295 7024
22 8564 5227 6150 8784 825 7870 5732 8449 2641 7086 7779 5190 5419 8050 2226 4900 2836 5446 1156 3975 2130 6828
27 8271 2324 7612 3147 3986 8110 1516 8961 8807 7907 5101 6951 4870 9170 8513 351 6306 9115 6136 2704 4079 562 4568 2238 784 9069 1293
25 1815 8965 7940 6352 8136 4456 8030 9185 6483 5428 7642 1116 2707 9618 3387 3081 3504 171 9308 3858 859 1244 7606 5456 8171
35 219 554 6654 7180 8425 5990 9473 8783 2401 2738 8774 9666 3196 4706 802 2982 9171 6529 4503 3624 7267 524 1682 5763 8064 1623 7545 2194 1793 1356 4054 662 5435 3035 124
29 6694 3333 6745 5756 5678 6380 1338 5702 2841 4800 1904 2173 3439 2856 1743 3895 5320 7898 5842 5531 4631 6700 5095 7402 3819 9759 525 4269 4242
11 4644 2654 209 1947 9800 2095 1871 3454 9240 686 8330
20 7318 1447 6044 789 7347 589 9524 2825 5139 5741 8633 8676 2980 7051 3023 2843 2492 3431 1848 4531
29 7229 6269 3410 1407 817 9974 7864 457 7373 4233 9804 4673 4376 1580 9297 3807 7287 9056 1104 890 6374 7935 5715 1027 6384 4553 1576 2457 1425
7 9411 6361 2774 5991 8231 8969 6960
20 8578 2480 9341 6567 6548 3300 2552 7842 2978 3977 4997 4751 8500 9438 4961 6490 2998 2298 8907 8925
7 5245 5393 945 5517 6192 5983 7376
16 6321 1670 7728 914 7897 2097 2655 8240 3041 6193 1663 5647 6500 6569 7123 7611
22 4829 5858 9130 2769 3305 7021 9441 5877 3186 595 3178 2290 2372 5736 1322 4983 4700 60 7311 1507 980 1136
18 583 6424 9166 1170 3596 9405 4885 6457 5213 5060 5743 2143 2511 306 2767 579 2816 3388
27 5406 1563 3468 8324 596 2653 7150 412 4806 5249 1714 1597 3261 5728 3429 3201 8010 7815 8663 5778 9551 410 4116 1990 1035 3792 3884
33 5598 3692 5881 1269 1773 409 5626 1792 8989 1902 6818 6101 9948 4819 1325 40 3992 396 2714 8750 5105 7543 972 7047 4438 613 6154 5927 2490 6731 1472 2890 7460
13 568 2176 3774 5570 2844 1730 1205 573 4261 7264 8137 8044 8123
38 5885 1664 5222 2589 8458 2507 8323 7546 7572 8848 9182 4880 6601 4170 7787 3462 7822 7245 3278 6460 2945 9194 3379 4397 7914 6681 4023 2911 226 1125 8982 4898 2090 9690 9635 6624 8337 391
15 6115 1978 3647 3767 7280 4931 2701 9854 2943 3087 7826 3787 6302 9290 5399
14 9084 3239 2418 8598 8457 9622 3902 1708 6651 8613 7978 9024 7358 8770
20 5717 6965 4984 9852 726 2531 41 5049 9925 7153 6174 9399 340 5791 2034 8971 7184 3020 6349 4374
25 6706 445 4090 7911 3197 7020 7346 5250 1762 7999 1686 5156 5511 3116 9843 6267 6773 1782 1291 7216 6194 8097 4303 8606 3204
44 8329 7119 7293 1784 1384 6139 3891 3990 1794 5182 2523 164 6068 8521 8338 3026 3839 7638 3169 1 9884 2731 4497 6741 3262 2984 8857 5085 1964 1608 4726 3322 4864 1798 1360 4732 4982 9956 3415 7001 9876 2623 3107 8865
39 375 2869 2429 5902 7435 7198 2512 2915 206 513 4196 98 3414 4035 8157 761 8956 509 4224 8058 3818 2504 8928 4453 4845 6790 4176 4513 153 87 2392 2283 4753 5175 9599 5896 8607 2671 7509
17 6807 84 3693 8736 7320 9768 2791 2975 6206 3334 2787 6485 1146 6397 6432 4600 9910
7 1992 297 9626 8698 9698 3321 7678
32 9393 1515 7877 9187 19 8587 1512 6913 9109 5491 7682 7636 1859 9177 9381 6274 7298 4834 8746 9955 1283 9653 6351 7411 454 6495 2666 4165 8276 5463 7 7696
16 2384 6378 847 9593 3997 7339 500 5097 1622 2894 3911 5918 7310 5811 8885 2521
16 3156 1888 61 6633 8184 2110 7562 7081 6238 4052 3488 1408 4695 325 7002 2658
26 3442 6831 2020 6403 3338 5830 7793 47 9784 5042 7646 3013 4038 2308 9099 7100 5195 1574 4542 7517 366 6606 6715 7489 4095 8712
22 2949 4379 9901 2327 3457 1637 4066 3311 4648 3409 7637 5535 5818 3579 3602 529 7737 2434 1494 9652 5212 5982
27 6412 1040 4536 6912 2184 9018 1443 2335 3079 5238 8289 7886 4403 2909 5349 7538 4237 2469 5229 3595 2188 8006 8221 6761 8716 3679 8499
15 4377 8518 734 4586 3546 8213 6502 8787 8302 7210 8967 6441 8893 6339 6507
5 3696 5815 4119 3155 2053
25 6783 7913 7097 9011 9116 7043 8715 1197 4575 1255 9949 5941 9889 2057 7062 7006 6528 9739 6075 264 4174 5961 392 1825 8053
17 7861 372 3103 2912 3253 3471 5192 2538 1833 9267 9890 4717 2486 9750 8636 9552 8154
15 9707 3578 8998 9992 3211 6463 7359 652 9059 3517 1974 9088 3637 9281 3880
37 4071 7463 1138 4948 9503 6450 8713 7574 5887 1252 5748 6270 9458 4285 3566 9647 1308 800 2438 6264 6006 3344 1895 9098 503 9567 2192 4445 9332 3526 7261 9577 7395 2318 8684 757 955
30 303 7040 8703 4495 7399 3281 9935 8559 3826 5402 1363 5699 5771 895 6634 977 3615 9492 2702 2404 9882 2621 5021 9963 1956 8753 9938 2785 3665 5586
28 6263 4855 4059 5300 1528 6649 7088 7561 6656 9820 2942 4537 6473 8823 3512 9763 6684 681 1567 1076 4684 5266 1044 6914 1452 2683 3413 7742
11 9888 1005 7468 5621 2616 9568 6411 6964 1751 3749 900
34 8310 6815 9216 6160 2278 7709 55 768 9702 9105 6639 6026 989 3918 5792 8766 4645 137 8343 4685 9136 7106 9541 7966 738 6653 995 5138 3505 7996 5876 3218 8216 7834
16 4078 8342 7716 9021 1548 1337 5165 3730 1786 4019 7964 7888 7496 4383 5973 4047
8 9976 3654 9392 3331 105 3507 558 2620
21 9913 8254 8796 5779 5562 7113 4853 9344 8003 9001 2218 1063 7486 7386 3440 9243 6586 1925 6955 298 7519
14 9847 9283 9979 957 696 9649 7013 362 8523 1877 54 7083 5030 9642
36 8708 4435 3444 700 7064 7156 5808 739 8029 8274 8557 6752 9140 9985 39 816 8597 1840 256 5389 9849 9880 6829 3917 201 2427 3419 4859 6976 3283 195 5454 79 1086 868 4185
14 7657 4494 4098 9523 3667 5693 5027 1323 9619 9090 7319 2660 6644 2746
26 9003 3855 8640 1993 3564 7640 5341 8290 7314 1640 8902 951 5287 8079 3829 233 3809 2721 3000 4971 1611 8441 1249 2595 6676 8235
14 9514 222 2571 2008 4788 1227 658 9864 3119 6669 7014 4406 993 7110
12 5440 6961 268 6456 4894 7227 9997 8311 5047 6918 7011 748
30 1757 7952 3030 6767 6901 6900 7186 8739 109 6420 4003 7434 1843 4882 5698 498 881 947 6272 4440 6422 6083 3038 4550 2739 2749 801 8041 2933 1545
32 6670 29 3149 9550 5359 849 6927 459 7817 3701 6589 2406 8476 4459 2044 2687 7598 6619 3285 8638 3315 7279 8169 4754 8515 2301 5204 1400 1092 4425 5077 4271
23 9752 3869 311 5954 3451 7342 9981 3663 8546 6363 3609 3649 5873 1157 7767 7904 8802 8602 5524 5493 8913 5857 3286
17 3629 1305 8670 9798 7547 2733 4234 6886 3195 7765 6995 5044 7039 6626 6616 4757 2170
26 4094 1097 563 6630 3779 7231 3498 2754 2209 7735 9822 4152 4265 8013 4382 4917 6423 4151 132 6592 2353 4928 2936 7688 8430 5460
5 2920 2015 211 1817 8345
37 9409 2883 7956 117 5161 8509 3025 9685 5971 6168 6053 8614 4940 1324 1913 4150 2240 4245 4749 8536 4828 1834 4371 6235 3145 7671 8810 1289 746 3978 9323 9875 4518 7215 818 4305 7192
38 5235 3988 5086 1315 8675 5381 9581 6404 9137 9305 7141 2788 1955 6123 9452 5343 8040 85 7891 2343 5957 3761 6366 5552 4299 3980 8360 3356 9076 9193 3465 6830 3797 5072 9454 3275 4348 1080
16 8292 9449 2132 210 6475 6662 2314 2368 3086 5141 4564 1056 630 6545 4332 231
33 6002 8731 273 769 3167 610 4056 9020 7475 5727 5860 6843 4601 4346 24 4959 7849 8574 1105 7926 8228 2808 808 5168 964 4211 3558 4419 3198 5176 8463 6300 9404
15 8890 2977 7168 1259 5482 5365 4375 466 637 2643 5148 5828 9525 845 5538
16 3055 8477 9121 4773 3506 9991 1383 5946 5912 3240 4252 2185 9960 3503 6632 6400
27 1178 1977 5112 9681 969 531 871 1561 6251 7501 4567 7871 5353 8689 4251 8778 8060 8322 644 3019 3681 4473 176 9775 8280 5682 5592
10 6822 7070 8840 8420 5649 3475 1860 5457 1048 1339
41 1867 9675 8395 920 4742 6780 157 9207 7889 5237 6952 3138 6155 4112 8209 9512 4208 1862 3531 2333 6279 9980 7770 3754 4566 112 3351 3575 1487 7082 3684 9919 6233 4488 4022 2693 3126 9668 5607 7371 1247
27 6252 984 3697 9556 326 8224 8486 4123 4947 2713 3846 4638 8697 9575 1391 4912 1166 1933 6564 3242 6153 7992 5057 611 4490 7953 3931
37 3580 8102 580 8179 1414 5875 541 3008 7711 6786 3655 7446 9144 5303 4664 9871 3098 6103 1655 9722 7918 5005 6777 9419 1588 3763 7511 7139 1606 331 1788 1662 3001 8275 3662 2786 8921
28 4758 3817 2576 2941 5299 3371 4687 1113 3168 4635 4387 1013 166 7840 7665 1365 9132 7883 9799 1246 1706 5661 3745 4484 6934 5339 8980 7906
44 5335 8175 5445 2247 3555 9291 2316 3276 7993 6740 5377 3865 3403 6307 6357 782 419 8020 708 442 5724 8904 5730 4457 9480 3152 3843 1781 9783 4030 4614 4216 764 7571 4674 6796 7603 4192 5883 1680 2820 731 4783 797
22 423 4008 2720 1135 8819 2365 2205 5945 6926 9825 238 4316 7454 1107 2692 294 4460 205 7032 3543 590 6084
21 719 208 4101 4656 8617 767 2760 4768 5559 6326 4106 4084 9509 2494 3423 8381 4448 2251 7813 9921 4399
30 5324 713 2986 7799 6724 2944 9636 493 4815 2320 2061 6480 8237 4930 5582 7718 6733 8498 1342 5326 559 7836 1726 1292 9271 6943 6365 265 587 1577
24 4839 6277 1543 677 6695 3743 606 3607 8204 489 7108 1949 3565 1417 4202 6820 202 3597 1666 1906 1643 3399 8777 4301
34 5970 672 6031 2031 1355 6000 4291 128 9812 3691 3802 7209 6615 2375 9222 4064 4871 8545 9570 1827 6709 8738 6443 3832 7532 2269 2491 7524 2408 6358 3184 5788 9850 4296
27 4309 9325 7965 2432 9679 8520 8086 8459 7398 3067 961 6418 3368 6454 4016 6425 1735 364 101 5936 6057 2175 7350 4570 2488 8226 1731
34 519 1776 8950 8489 5304 567 2917 2695 9402 7471 3294 9951 3249 2904 3029 7282 8189 607 3215 9190 5006 4217 9566 275 5919 6520 556 2070 3206 1935 9993 2628 5438 6693
26 2465 3307 2135 5769 6039 2330 1203 3428 9874 5039 3102 6346 3392 9375 1298 8354 9772 7591 393 7315 8363 8222 5459 3279 6273 6492
32 88 5497 187 6198 4058 7929 6199 7140 6493 8406 6849 5034 113 1838 7379 4965 4714 1531 4343 4357 4009 6674 2279 7385 7651 1083 806 3670 6588 781 3234 6610
29 4679 1111 2997 8421 4398 6749 720 2011 4558 4686 7610 5373 4032 3962 9428 1959 7003 2400 8905 2879 2002 5784 6390 1552 5130 1801 3589 9531 6444
34 5934 4618 8758 3430 4781 1010 9485 5690 6159 9678 7764 9641 1294 3062 2557 3139 8692 5452 5708 3930 3432 8511 5068 4893 3144 2855 2088 2394 7566 2481 262 9203 4741 5037
8 4525 8773 7194 9987 3232 5344 6581 9360
27 549 6541 1724 7862 5352 2673 2230 1062 636 938 490 495 9624 7160 6728 3634 4963 8558 413 4896 6022 5549 4820 2908 1938 9465 4955
16 2519 7957 474 4842 1560 7329 8728 4546 6558 318 313 3936 3246 2421 2750 2165
20 9313 2356 4637 2559 585 5424 2313 7455 1353 9670 864 1651 1421 8088 4811 9753 1575 2880 3713 3346
34 5018 8878 502 846 1634 267 1369 7477 4944 7221 138 586 1218 2923 5804 8917 5917 2631 5630 6691 5938 4619 7526 9157 571 9885 7708 5568 5989 3447 8156 2257 1082 4203
24 1209 7928 4307 6381 9563 7028 9052 2784 3608 3330 5019 5532 5104 77 2001 1926 1153 8707 107 7667 6087 6750 2840 5244
29 3090 7429 7499 5716 7401 622 4214 1066 1273 271 4693 3170 1803 7483 1885 7449 2903 5850 5951 9342 8972 8900 3492 6968 2361 1204 7405 9719 1120
7 6689 6466 3549 8962 7109 3539 5653
23 2735 1335 6663 4143 6916 6228 5868 1866 741 6658 7114 2718 712 6464 9446 6461 9390 5364 759 5944 9176 5874 2210
