51 3663 5221 5002 2484 3417 8833 2930 568 8222 1714 8526 4453 7362 315 1479 6552 8573 7788 5627 9983 2329 6415 716 7779 58 8868 1919 5438 7595 205 3993 8514 8321 5375 9953 7301 2885 4793 5120 2605 6639 697 1991 7726 3862 3255 808 3459 1474 4674 587
52 4780 8135 1875 7009 4757 8189 1910 3853 9823 8476 7065 7310 5292 2891 4533 9225 6141 5533 1003 8409 4222 282 4414 8269 3416 1478 9389 8563 52 1850 776 1522 5823 1982 9706 3399 2046 4735 5991 9401 6596 5517 7843 6468 7649 696 3642 2580 3221 4552 543 366
53 2634 2174 3171 2280 3173 1078 6912 8584 5054 5386 2394 4669 2195 7607 954 2067 649 9918 8075 4208 4752 9423 8908 758 9448 321 5332 4762 3530 618 1619 2199 1156 3200 4862 3787 1252 869 5271 6058 2618 631 9555 8430 4584 4150 7422 9544 4235 8923 6068 735 2109
45 4032 8729 2796 8941 2925 7899 123 4490 5232 3397 2260 5275 5676 8816 5715 1046 7425 9715 7322 5568 3034 5346 3655 756 8684 7626 1231 6453 578 4605 1930 4043 6207 5655 4895 6627 2901 3952 186 7306 6896 9802 2159 876 9607
49 347 2882 1181 4105 1216 1598 7682 4083 8302 4309 9877 8901 8100 5827 6433 8809 608 3790 942 9026 1154 2623 8878 9965 818 855 6110 6539 9409 3224 7934 2662 3237 8230 3994 7770 6880 8151 5092 9556 8685 2002 4237 5710 5044 2063 37 3931 1546
47 6975 8770 8887 9841 2216 5418 3430 8626 3320 8330 3891 9849 8962 6646 2453 5496 9736 7591 3436 211 622 9353 9523 5839 3672 4288 6996 8886 5515 1838 7193 4000 6689 3521 7248 6050 8852 2978 3148 6977 7823 8127 932 3342 6094 7254 1274
60 1215 7563 5360 4410 9043 7359 4474 8982 2025 5629 6066 650 5411 420 1702 7237 469 1977 6249 3608 3749 2942 759 287 5027 8799 3705 9920 1886 7153 4240 7479 7795 9645 2700 733 5621 9605 7089 2487 3226 3204 7839 7070 8600 9580 3752 809 891 165 2594 4108 1993 1481 1580 5593 6769 6028 8290 1119
48 7804 5016 6211 743 2309 5436 4908 2523 1853 4537 4293 878 9187 2743 9051 6573 1898 4426 6525 3802 7129 1164 5028 9173 6055 5666 6650 4428 5728 8425 265 9958 9046 5248 1416 1900 2356 2862 9941 2460 448 509 8163 7825 9567 2587 8069 6834
44 1743 2729 7568 7521 1877 5359 9708 8900 1978 610 4079 173 5045 9411 8859 8932 2300 793 916 3572 7268 7815 8054 3154 3948 2737 6678 7530 5825 4308 6216 2029 6345 6702 172 1922 6031 1122 8881 9912 3451 4197 1265 2596
46 5536 2444 464 8500 8720 3671 1845 9327 1961 9643 6438 5072 3002 4866 737 1996 1639 1841 4520 5426 7032 7895 83 4860 4470 1874 5203 5808 3287 6958 4978 3673 4505 3354 4225 9083 6920 2798 4841 4811 6086 6576 9065 2968 2271 3719
52 3508 2182 6338 1797 1661 1402 6555 9914 5198 356 3300 9673 4013 9482 1050 5390 2549 9837 442 948 361 6837 5605 2087 6492 5741 1079 2059 4536 269 9570 9169 8300 8028 3097 9505 2181 1801 325 7386 6308 7477 2361 767 9969 44 5243 9534 4666 4427 1757 5785
54 8027 5631 7495 7533 6932 213 7956 832 8339 4258 8763 6506 92 4094 7490 8418 7223 6976 8622 8558 6907 3906 2668 5468 2296 6806 4270 2047 7897 8014 5078 9086 5747 7514 5469 7892 4484 6360 3805 3072 7435 940 7170 6733 5877 6647 9613 1232 7801 2392 3207 267 1400 4850
49 5216 6513 9642 8426 653 4341 6872 5911 3909 2776 8791 6080 8682 3946 4663 7938 3234 5361 4564 9519 3600 7271 8456 7687 5902 7820 9103 7750 7168 9028 235 6691 3988 7440 6923 8243 5470 7403 7041 1027 7023 6637 7498 8173 4342 4721 6886 1155 3729
47 6754 4594 5513 7100 4075 2702 1019 5412 4976 1887 8096 8879 8095 6611 1428 4956 2579 8744 9365 355 3277 4337 4612 1739 5042 4614 3626 3386 860 4606 2508 7476 9639 5586 3793 278 9684 246 731 9829 218 4023 1827 8011 7711 707 1781
46 6190 9377 9813 3782 6409 8845 9462 9300 2096 4820 7105 7701 4393 5936 7007 7045 6800 9587 3728 3167 5995 6400 5179 8788 989 5093 3228 112 6273 127 2405 4838 6604 3593 9518 4787 8822 6107 9002 4113 2958 7224 7507 8759 1682 8200
54 4694 7553 9214 9200 1624 5029 9018 4145 5896 9582 6277 699 1341 6443 6916 6221 3750 3800 5750 6719 730 4334 4027 7692 8749 1705 9786 8413 8288 2370 7999 7050 2108 5970 1891 5569 1848 9978 1775 9419 6991 6153 2264 4159 2598 6537 7635 7749 8491 8271 2515 7293 9576 6089
47 288 6619 2975 1397 5250 6784 1442 4806 6290 4307 598 4859 901 8363 1102 6108 9102 7598 8139 1194 9723 1596 6648 3714 7328 1754 7444 7221 2315 9834 8895 6598 4549 6706 7106 2544 4448 7904 7556 390 4220 2932 4613 8451 7357 9094 812
49 8346 4819 8218 636 3045 473 5171 220 8532 565 7621 1917 8336 6606 7117 9467 2292 244 7450 8482 2290 9991 198 7417 7363 4133 8032 9513 7998 9071 79 1803 2160 9167 3334 1955 6906 7654 7537 5573 2556 1347 7523 9386 4688 176 8112 8706 6592
51 281 9525 3358 947 5280 5276 5201 2902 6246 3242 5651 351 7064 1223 6490 9898 8735 1613 9193 5961 1749 8810 9152 2110 4670 8008 9233 6270 9297 7081 4894 7143 7434 8768 5114 1266 2149 9156 8670 7593 8928 2926 8117 9788 7469 9828 1931 3159 9604 1438 722
51 1073 5685 2382 1902 8380 624 8485 5867 4647 8110 2810 6948 9381 9796 3624 7046 5285 9550 7835 8772 6542 3253 104 7676 8574 2656 5122 7234 4902 8762 9295 3645 7333 2663 4142 4438 3773 8614 2927 9680 201 7164 9911 5907 1234 1947 2493 2427 9945 7389 2117
55 516 1032 3412 7924 547 9548 1756 6159 4123 4037 43 6008 7790 7650 5854 974 8707 1098 4437 4226 604 739 2907 2824 5099 9711 8947 639 1508 1640 4845 958 6174 75 4763 2723 3369 6965 8860 7225 1404 5340 8802 2070 2065 7856 2597 787 3936 7716 7113 3206 1384 6051 9778
59 5956 3452 8948 3928 8534 692 6774 1454 4943 1718 3464 9311 9335 852 5803 1689 725 1621 9161 6252 889 5393 7882 1611 6701 5184 8738 2488 1696 3008 3916 4961 4886 8405 2712 4412 6365 4164 6825 8836 1388 2650 5633 1578 5419 5316 1527 8712 5684 8516 3082 7348 4450 1637 7747 7911 3112 937 3311
57 2139 8497 3029 188 4572 1058 5178 555 6751 5478 9919 4323 3861 3152 9 3164 1680 1101 9847 5420 8955 6964 7570 7816 8571 317 2697 180 5950 5817 6316 7255 834 6307 6974 3935 3457 3959 346 8010 4740 6962 4654 7215 2628 3876 4680 6172 4353 6413 6762 9293 9744 6408 8194 4416 4539
47 2953 2546 6510 8308 6670 569 7854 9333 2337 9551 6600 9704 7072 791 4602 5578 8542 6471 4695 4383 9595 9269 8124 5872 6534 8474 3032 3030 3668 556 5507 2657 7550 1268 9212 2936 362 3357 7325 6495 4964 2572 6358 507 4191 7547 2107
47 477 7069 2874 6556 3178 9309 6756 6765 6957 1103 2916 6697 1575 2355 8569 5010 9656 3507 6325 8672 1697 5603 3400 1376 1585 7019 3727 7213 8782 8633 3394 3960 669 8265 7583 1277 7943 6071 9511 3555 8186 9922 4571 3710 5339 7746 1246
44 1357 4632 4173 2417 7364 8462 8728 7094 3157 6032 883 6866 6858 3548 3810 8264 1802 1552 9250 9682 7796 7471 9935 5449 4541 893 2434 8091 4179 3068 7714 9399 7909 6323 8704 5104 8412 6139 9474 5918 1653 3137 1710 8637
38 2135 8642 4182 3060 8752 6578 4782 811 7910 243 8877 3609 2021 272 8275 7656 559 6663 5571 5909 1606 1525 1209 2967 1884 5214 5625 85 6649 5108 5164 8216 7341 2423 1975 4224 9334 4853
51 466 7324 6526 9222 6152 8798 9108 3102 6295 1629 8178 9633 6271 2373 5488 3275 1625 3070 7734 2217 8191 3721 7140 2245 3525 2099 3983 2590 382 3377 3864 3737 9450 3963 3740 5540 5191 2781 959 9239 2105 8342 6870 7652 2692 4026 1748 6805 5845 2880 6532
52 207 4932 238 5262 8980 1415 9229 6673 4487 66 5379 7976 5816 3127 4287 2883 6310 2719 1533 1327 5616 5196 4029 3279 7560 2773 7424 4706 5295 1135 7155 2787 4512 9032 4233 6119 4623 6569 6303 3062 3601 607 894 2172 1967 9105 1199 4593 2285 3653 1607 9478
44 2524 8653 9940 1595 9597 6210 6435 5058 5304 736 1747 3544 266 9790 814 8370 6465 4407 9905 2613 7717 9299 2170 8174 2009 7559 9530 8929 157 4051 584 4927 9472 8465 9774 5810 305 6913 9040 6661 6116 4664 56 7156
54 2742 797 67 2022 1577 689 4297 2323 8402 64 8113 3821 2850 2106 428 748 6256 3712 6447 5813 2044 3839 258 4285 5294 4482 9900 7314 9070 8632 2970 4919 7665 2270 6156 1294 1857 7718 7302 503 3109 3824 7548 2462 4700 4563 765 7162 6326 8105 6745 5103 1273 4645
50 121 3153 1822 551 7056 1352 1413 5531 3723 5678 9331 9830 5618 3246 9972 1589 1859 6305 4968 1006 1648 7739 566 911 5674 2869 4106 7520 5988 641 9201 5458 5776 4546 6288 1783 1828 7290 8888 7159 6828 9999 3418 1911 3970 4331 8736 3048 3690 6002
46 1788 9561 5084 6460 4944 2410 422 6168 676 5516 9562 4516 2395 5399 7888 5869 2632 3378 3252 380 3424 2273 8596 9638 9724 4515 7972 153 4583 497 8045 7620 5230 2379 226 9875 3940 8379 1669 3564 297 815 1500 3549 7029 1720
58 4776 4442 6796 6662 799 7708 2449 8906 5233 9251 3259 6971 41 9081 4653 1899 7194 1450 4215 7103 2426 9654 9603 6106 6909 8792 2842 9893 1731 1490 2641 2288 3180 6852 1308 8601 324 3024 7508 1540 1534 3641 5101 5563 5561 4429 4920 349 9713 8376 3595 890 3308 7008 2884 2079 754 3697
55 9545 4355 1261 701 7331 3089 9190 3004 661 6903 1296 1504 9179 9856 2184 1034 4992 8136 177 3718 337 9170 1356 9532 657 492 9631 5249 5199 8894 2985 3910 9758 8169 1949 1873 5732 8240 8773 5088 233 8750 6799 7686 3370 4317 5043 5445 8116 4014 6103 8079 2215 3748 2819
44 9891 6603 1779 1249 9219 8624 8225 4446 3057 8458 2965 3059 7702 600 9325 1229 7312 7783 1488 2313 3879 2153 7970 683 8387 4261 249 882 2786 6636 57 2537 8959 1171 5452 2667 9558 6142 1820 1586 3943 470 4399 2104
51 167 1700 8440 6048 8666 7597 1433 5259 4529 2342 8329 2871 4638 4828 3688 8690 2349 4874 162 6898 609 322 496 1686 680 9683 6264 9030 5309 237 6624 4332 5963 6375 6173 6063 6179 6077 2480 6593 4198 898 8891 6350 4995 4468 4659 453 7803 9146 5033
63 4815 8084 4785 9688 7368 684 9004 1290 1730 512 8805 6625 4312 8341 1162 5860 5329 9188 9276 1180 7872 1594 3066 4301 3012 8296 4962 3979 6953 3829 983 5698 9357 5982 3747 4936 988 9388 6489 6479 6653 8838 8065 3129 2848 9021 6306 3538 2448 3365 9608 9011 9271 9602 4234 6165 5609 2268 4810 124 6355 3093 677
37 4940 4881 4759 4974 3662 6488 9729 617 9748 7891 8148 3509 8910 2801 1865 7517 7777 9572 5987 1009 5689 6989 7669 8789 9082 8340 4404 9278 6383 9700 8702 2249 9301 9160 6807 3657 9763
50 9992 7883 1407 174 2474 7349 7931 2467 6493 7647 5812 2502 9024 9674 1477 5365 2987 5652 1727 5637 3870 2115 4550 7021 1706 46 9903 8449 3364 4930 6499 2575 8748 4540 2421 7102 9698 2287 5541 253 9705 3566 1471 1324 7413 599 8280 7127 819 6297
57 2442 1250 9950 5282 6123 7095 4732 4608 8464 8577 4577 6761 4118 1061 1292 7319 2846 5778 7964 9664 4021 8803 4343 7267 6324 2802 2362 3368 5795 2151 5623 8817 2211 5649 5190 7208 8395 7618 6938 1447 4154 3293 8382 9022 7315 6065 8647 7446 7474 7252 4790 8187 4705 6480 3823 2438 3634
55 9267 5116 1359 6657 8717 9818 8007 8933 4375 4074 3272 25 5477 7634 7980 6727 8041 1652 9536 8156 5402 8087 1018 8578 5866 4814 388 2716 1972 3095 1086 7388 9693 1169 5521 5145 3838 5040 7657 8510 2308 8935 4459 4352 9405 7002 1337 2483 1 8867 6939 8088 9041 5992 2829
53 5964 8965 7327 381 3347 4115 7680 827 5577 8469 3855 6699 9749 8722 1767 8129 6254 664 1665 3535 7061 447 6138 848 9652 9650 7876 8029 7398 6333 3461 3038 3444 6945 6293 6135 3085 2905 7763 870 1518 4421 8473 1780 6642 4022 857 1957 6404 3376 4422 8953 6558
46 8450 7600 4340 3512 6145 17 7894 9954 7329 5453 6947 8102 7681 9035 2564 8776 7086 9379 290 8322 1786 3404 3973 358 1010 2835 7354 3850 4335 640 7247 3901 4610 9403 7400 8137 2155 4547 9473 1150 2041 7420 4129 444 1476 3168
44 9760 6039 7648 8804 2120 4439 9762 9095 6750 6760 3560 5742 1436 110 5257 1631 9016 1360 8323 4269 2543 1901 5219 2826 4497 5871 4883 3375 6644 4617 3691 5611 6143 126 4316 7104 1426 367 4184 6209 4086 274 5140 5001
53 8643 9452 4243 9861 2526 6998 465 9454 3142 9937 8142 3315 1129 7437 3882 7196 9862 4229 1948 3470 2542 200 7623 9029 1458 5284 4042 905 2246 3768 3494 6011 1563 5998 4812 3674 3136 2938 8416 4620 8582 9204 4103 6491 4977 5493 7562 5859 3270 7786 6929 9895 6122
56 1724 1711 553 8267 5479 9318 2263 4017 5754 8471 5111 2358 6231 1549 434 6899 4090 8030 1262 8691 6432 202 6342 7172 2831 668 4272 3687 9118 441 247 3594 419 6783 5242 6070 5107 4176 8467 4139 6827 6667 5391 6695 5737 3189 4738 7262 3586 8742 8114 6124 5246 6417 5269 9985
41 224 5053 3686 6815 1387 5583 7659 5463 6267 8765 3078 483 5495 4689 1302 9218 6022 7214 5849 1814 7345 2837 519 4774 9547 9208 2314 9232 9252 603 3635 5993 8853 9066 9345 4360 2553 9383 9433 2638 3754
46 2893 1166 8273 6378 6019 2351 9659 6213 2771 4697 700 8350 5878 2116 4724 8335 5594 3587 7670 3105 3406 9479 5526 3026 8771 2929 7499 5708 3463 3472 1647 821 2666 9542 6067 2456 7565 3596 9221 5809 1346 7722 48 9017 8223 4925
54 8143 184 9286 4454 3647 6768 4305 8423 3579 9568 8140 2895 3055 6126 9109 7878 5783 8459 3130 5392 1485 3429 2991 76 2915 6659 292 4727 542 5874 7778 459 3658 9072 2008 6240 8411 5150 3580 1001 638 4274 8009 6788 7263 344 2157 2360 9396 9481 5025 7189 2582 6524
55 7006 941 5832 7191 8937 7566 148 7917 7869 8977 7581 6577 4155 3018 5696 4889 718 943 8541 1453 2931 4143 8295 3021 1529 1432 7661 6343 5819 4678 8674 6755 8599 4218 1369 411 3014 7332 7184 2821 103 9404 9524 9427 5261 5957 6911 645 562 8433 3843 2611 5681 764 9863
47 8709 2439 9236 3000 5705 3316 2147 505 5403 6405 7923 1081 888 4643 7001 6000 6296 4185 204 9341 3933 7774 2780 6690 6954 8196 1475 8784 3863 1945 1372 770 574 5660 3819 7502 1333 6943 7048 1726 3498 1240 5717 3245 981 9799 7874
55 5815 1408 4174 2984 9819 6157 8543 9374 7715 8834 6865 7303 1811 2101 7968 5657 4684 9675 5931 6044 9962 8369 440 5920 169 1517 3065 6853 1694 8703 1866 5404 4196 9414 426 5805 9768 4955 7987 3649 8650 6228 2481 5161 9977 2621 5186 8695 2491 3583 1043 5841 3219 2340 2093
43 2366 4099 4566 4764 3263 1380 4639 9393 9772 7830 8332 9302 3090 979 8769 2371 7542 9434 3493 4130 8313 7260 114 3980 7935 9697 9526 6251 7817 1762 6081 5494 4254 859 475 4798 4604 9667 9566 7898 5924 7396 8484
60 8996 3122 7374 5082 7865 256 768 7605 3701 1435 2949 7963 7366 9996 3837 4365 8122 7182 7602 2454 9871 4207 7737 1375 4147 1591 5380 9101 6840 3140 9620 7276 1136 9672 4434 3413 6960 6496 312 1992 4590 1974 7027 6289 9069 495 3445 242 5733 4965 9422 2436 9275 9074 5743 4872 7280 6029 1793 5981
51 6215 42 9635 4311 1066 9579 2599 4016 5587 8973 6725 4675 5648 8035 9660 3569 100 3758 997 2588 6230 5762 4167 6414 3147 7000 3684 1636 2994 7809 8557 6366 8077 8393 8524 1289 9623 763 6680 3217 8203 8270 8945 3552 5123 2872 6775 1722 5011 531 6514
53 6304 1614 1396 2992 2928 8044 3851 3169 9769 1152 6708 8234 9884 5021 4423 7836 1812 87 1354 6098 8287 9998 987 9355 921 8015 5505 1960 992 1389 4771 6631 3789 6787 192 6608 5641 6380 3319 2026 783 518 8298 4403 9063 2834 9330 374 3041 4615 9294 976 5212
52 3155 1342 9514 3597 8726 8840 7870 6377 7336 9408 7397 6379 1326 1344 9640 1535 3573 8215 8059 4696 1335 3924 5720 3421 1456 4300 8605 9789 573 3345 7443 7509 9164 5039 6517 4384 7948 2686 458 1830 6403 5899 1445 6737 7220 1403 1480 9305 7577 2461 8023 4380
51 3911 2766 194 5195 1691 2335 2498 7055 5415 7372 4058 3951 8318 6522 9486 3570 3868 2520 6027 96 5180 5775 522 4336 2946 7903 5786 354 9265 7178 7004 5330 7063 2390 9050 5075 3108 2811 5738 7246 7139 5807 5930 7079 2213 7627 6075 2341 5286 5319 8155
55 1813 4585 5476 5797 7380 5087 8310 8204 6968 5928 6478 3298 4777 7028 7492 3303 5335 9347 6045 5064 7108 6773 5090 8254 3120 439 1406 6904 2020 8444 270 2261 6315 9840 5264 3840 8 4371 2443 1087 7738 3081 2619 7789 3822 8217 1551 6087 3468 463 241 9020 9005 2750 6219
49 6046 5205 1909 4686 4574 2391 6473 8591 8825 9471 8755 1128 8794 6169 7330 4221 5518 2998 673 3785 3869 5231 5297 1023 1510 9979 1392 7540 2014 5486 4275 3738 9280 1946 5131 8940 5622 9694 4499 5026 3692 9691 7518 6202 582 5891 7908 4357 329
42 5298 1134 1377 8394 1764 20 8918 4508 260 9669 7401 4579 2980 2011 714 5167 7582 9329 8219 535 2388 6312 1719 2681 9231 4443 2972 7207 1507 7141 407 2833 2516 3685 6797 72 614 9686 6038 2345 9256 7926
52 7995 6819 687 4433 8081 1293 91 6278 1439 9078 3746 8180 2019 5417 338 965 7361 3348 74 161 1114 7150 8251 4578 9560 847 9598 8167 788 1015 2404 7902 6684 6698 6017 1823 5709 1338 7199 8092 3077 8198 6917 485 2655 6602 3111 303 5227 2447 2256 5947
44 4067 6812 3769 3216 5296 6280 816 3794 7436 1217 6245 7149 9006 5085 5575 9989 6146 2074 6394 6772 9753 1493 2073 9162 4821 1940 6466 1532 9255 4101 3599 5852 6334 7206 7391 376 9730 2082 7764 1503 5719 5095 3778 7197
56 7151 8193 5245 1312 6504 8565 8872 780 4507 4161 5398 5714 6679 514 8429 4126 8649 9981 3753 5422 2455 579 2207 257 7827 5006 5238 3481 5905 6512 5194 1880 6811 1761 122 2964 6442 8043 7241 1381 1773 4445 316 6836 1632 1362 4905 4339 2476 3885 537 9879 1052 8926 658 5567
56 1566 5139 839 4318 8026 8786 4569 4012 5640 5185 7192 5870 5350 7240 3422 3610 1562 8089 7675 3231 1570 5880 3989 2989 2817 5565 4897 1074 9521 5061 6934 155 1328 6199 9510 5691 418 7631 1981 4954 3939 6083 4479 1161 2269 1581 9003 2089 6536 6014 3776 2282 6587 5792 3779 6243
53 6509 5506 8757 9328 7905 3761 2212 4882 970 5356 3352 7752 2034 5861 9520 1441 8640 2289 7557 5862 913 6006 8813 8548 2071 6225 4125 9124 8856 4713 4822 8061 2676 9866 4148 2420 9140 8621 7818 8925 7283 2792 4855 5320 7831 1856 3848 7265 3522 4257 7710 2939 5711
29 5634 3384 2711 446 47 2228 7994 8206 7805 2576 7709 9397 2375 5052 8871 5559 9064 4444 2112 5774 5864 5394 7941 3232 370 6133 8774 5118 6060
43 160 5554 1604 9540 9792 7390 528 3007 7741 7279 833 3553 632 8651 461 5244 3500 5315 662 6676 8522 1878 5331 7887 892 4041 8787 251 1684 5893 1986 2706 7677 5628 7826 9013 9291 136 1091 3446 2475 634 8847
54 98 9627 5500 4775 4283 732 8327 2232 1067 2210 1051 851 4386 9149 1340 8496 2331 6167 4241 9964 7053 9262 3615 4934 3074 7942 8677 580 2589 6503 8837 5620 6140 8708 369 6222 742 430 6204 478 4843 5979 5735 8158 2171 3978 6700 7527 5814 214 7093 4135 3227 4517
47 6279 3516 552 9506 4634 8984 3276 9131 2947 2033 6208 8252 1905 4245 2778 313 3395 8889 6817 1311 6057 2540 4831 9468 844 8999 5193 4990 6362 4846 4424 4624 4098 4534 3196 3054 3816 1343 9944 7123 5606 2732 4755 5599 3942 849 2800
54 6284 7251 4137 395 5997 8835 3633 5306 8307 6844 5031 1007 2505 5487 7459 7010 5781 1188 3243 3053 310 5225 7821 9610 3539 1633 2275 9921 4538 595 9323 1513 1409 5932 8855 9421 6571 4451 7385 5300 7725 1057 7996 591 2532 1626 7353 5094 2585 4987 8539 5755 1374 4719
59 9025 8896 4607 5595 4020 5135 7885 7751 9926 5527 1237 2538 9176 4914 3797 1742 5307 5363 7601 7526 4201 3110 1699 3982 2492 9008 7373 4946 2509 1502 4595 2690 4319 3591 9144 8221 8126 9651 4199 5626 296 8795 3713 4970 6450 3820 6530 4875 5174 3527 7799 1497 3366 621 8994 3957 9296 3257 5288
56 3210 3482 6778 5382 3453 5014 1538 7485 7615 7060 8968 5437 3296 9324 1505 843 7433 5428 5688 4907 6952 711 1121 6144 8062 7651 6823 2054 9206 2660 9062 9588 2407 2276 6467 3607 2411 6104 4827 7780 9364 255 8780 24 2348 1291 9410 2196 4865 2250 4059 8272 3927 5922 3473 3483
51 8152 7918 6669 9791 4112 2747 3005 2239 2018 9489 1736 6623 9776 9307 796 2757 4264 2807 6515 7200 8381 1514 3818 8013 5770 9432 8821 5344 3923 4502 588 1099 5974 1952 6109 1482 909 7171 99 2806 2683 7586 3230 9137 2206 7452 3466 396 4619 2164 6282
45 5798 5966 68 5485 9455 2352 4170 9512 6112 750 2068 6583 978 1084 359 6074 6757 969 9503 9637 6183 231 5662 4510 1228 3678 6967 2904 887 4376 8466 9490 594 4366 2899 3208 4699 8550 4637 7294 5927 1943 4750 7003 5471
52 862 3873 2278 3503 3184 800 9493 7613 5134 4200 7230 1609 3023 8793 7819 8289 2129 59 830 2910 6223 5070 9894 6431 6076 7257 4223 8284 410 9516 2389 5820 6855 6418 1716 3884 8631 6881 1029 2726 4070 6301 2425 4276 9838 8331 3165 8420 2224 8247 1385 635
50 7678 7609 511 6696 5130 8078 219 5967 7393 8276 1558 1729 5644 6275 5100 2955 7691 7243 6551 8312 4109 2148 9929 1460 4193 5560 936 4320 3926 4036 4731 3313 7342 401 2827 1630 1054 5081 4475 6148 4160 2957 6915 1367 2471 2173 7073 7088 4901 1690
45 457 245 80 8130 517 3373 9601 8373 2431 7950 6782 7379 2006 1994 8249 1298 8004 2413 6393 8667 3545 3310 6238 5592 5789 9163 5731 8197 7712 8976 5442 885 5806 5367 8880 5600 2416 4548 2577 1202 3617 5409 9426 1331 1208
47 5865 9371 3877 8876 4071 1330 2847 6439 2401 6402 7285 7945 9721 3049 2222 1674 4741 81 318 6131 1280 616 7930 7478 8617 2814 7879 4531 1576 1914 2419 6184 4153 2911 4985 9843 3976 302 8475 2302 9757 1800 9968 1879 2225 8401 3218
47 660 2396 3123 9166 3534 4662 3318 4924 151 8237 6900 7026 4628 311 2136 879 3858 5192 4056 7756 3337 2143 5704 752 2565 9653 9458 8042 6814 4556 5530 9901 7792 4742 8777 9230 2321 7546 549 3807 403 5132 2103 2559 2327 5656 1090
45 7545 8068 2982 7179 4338 3198 766 5882 5013 9304 4710 364 488 5843 8037 4703 6195 6387 342 4031 951 5943 335 5749 8509 4369 4767 1692 8149 4625 6651 6373 1391 7118 3325 2066 6127 8470 2530 4876 7971 3274 7758 7813 4649
51 4616 5955 3592 6687 928 89 4327 405 6864 4963 3576 2016 3405 5102 1892 4194 6059 8874 1427 3456 920 6149 623 7862 7242 7558 2671 8823 9852 3585 5804 5718 8228 9739 3930 8034 5788 7431 6502 9228 865 6272 6946 777 6588 4364 1295 7893 8972 1738 1451
57 820 6589 3741 4904 2562 49 504 1236 1776 7575 4010 1160 9590 2036 7350 9009 5671 8562 8000 5301 7346 298 5746 1137 7146 5897 9247 240 4599 715 6346 2593 9464 6832 9982 195 7962 5464 3767 5581 3239 3828 2192 5408 5089 3700 3244 4676 7616 9431 2336 7428 4561 1455 7810 8986 4912
55 9435 5713 9735 2234 5354 6935 7115 3126 3170 5868 1306 1042 6893 8861 6652 9494 5582 5073 6281 8443 7775 3791 9461 9085 2078 6924 1071 9116 6626 3561 7705 9569 3913 3003 8811 7013 9261 1286 4216 1778 1033 6544 5110 7599 2695 1115 9668 1323 3677 1358 8893 4054 6875 7966 6448
40 5254 4560 9858 3766 7439 3410 9358 1753 8052 9756 4656 2169 6026 294 4603 2920 5971 7585 6 3205 5921 3708 2281 5596 2004 5824 4493 8883 2545 5443 63 2900 8987 9234 7578 6997 4488 828 4598 8107
54 9141 7937 7245 8039 7042 9967 1243 115 3458 3625 3186 6436 1225 8038 9138 164 6713 6835 5953 5978 2194 1254 2161 181 5842 4440 6572 670 29 8512 2127 1221 7355 7531 3547 9012 2422 4570 6232 7951 1927 6269 9000 7837 8589 3390 3964 5007 8715 1937 7270 1399 1235 4928
48 7576 5266 4802 5299 6990 9195 4377 6437 4089 6567 7528 2784 9354 5176 3751 7513 1127 4984 117 141 8477 3351 5425 2064 3080 7134 3327 2725 723 7165 8303 3355 4921 6591 7757 9047 7438 977 2866 5962 8975 5381 3945 1195 2678 2398 8694 2753
45 2758 771 8246 5777 7148 6012 2201 2080 5305 7567 630 6053 3331 7679 1628 3427 1201 6582 2320 9391 6528 7688 7227 3273 8179 5639 3407 5429 5141 254 3614 3086 1526 9143 5734 18 6614 5378 378 4409 3956 2903 7447 6321 4526
52 3815 3968 8146 2506 5692 9625 2055 2291 3777 398 6580 4644 5389 51 35 1698 7949 9864 9808 615 2581 2311 4504 4456 332 998 2133 9779 1962 9801 1483 4124 7107 3571 6594 2262 4177 1638 3514 6843 6831 7429 2432 7973 1013 829 5410 8535 7326 7445 9807 427
50 6198 9466 9974 1390 1398 1849 9428 498 563 1153 6718 5895 5059 6020 7316 5117 5619 468 2974 9205 6132 5170 9857 5929 4204 6798 5996 564 4800 9644 3262 6786 8106 8115 2845 6682 1851 2704 7169 1094 744 9666 8479 9794 9867 8587 6111 751 9298 7587
53 570 7834 3709 6021 781 4190 158 5 9416 3890 5241 6291 1772 1854 7863 1643 7912 8202 5980 7592 8990 8687 9067 9015 2774 2643 7981 1085 1244 3046 1117 1792 8688 6484 3067 9480 9759 9934 6789 3857 6354 5268 2626 4462 2754 4418 8199 5019 3381 4525 8164 2529 7204
44 2003 6560 4611 4558 2664 9440 7017 8120 3322 3278 135 4214 6516 2013 991 8629 9947 967 8555 1212 550 9437 521 3515 3826 4333 5736 6846 2130 7736 6018 8842 1350 6398 8583 728 864 6147 8606 6527 179 8610 3450 3975
48 3991 9438 9178 4356 389 5240 6717 3696 546 3897 1241 4716 1203 6833 5121 674 6568 837 4247 7467 84 8602 4690 5439 917 7211 4618 3176 5065 2595 6010 5364 7360 8739 1894 4836 5484 7090 2616 8236 5372 2653 7018 6541 139 7947 4441 5663
46 9488 964 4753 8936 5701 189 9484 9136 3099 6802 2528 8317 5125 3905 6235 4202 3513 4402 8939 9122 6371 2867 8597 4888 4326 8882 5255 437 3795 4947 7754 2030 3774 438 8437 2122 693 3307 6090 3529 9812 6521 3056 1771 3305 6399
43 9189 6359 319 3919 330 397 7321 6758 4622 3367 9939 6810 659 6630 7188 1138 6764 6561 4788 5200 5490 1020 1395 6287 1904 7776 6777 1915 6523 973 6356 6181 8104 1908 6420 4915 5165 9412 353 4626 3739 6776 8683
44 5532 2751 5046 651 8733 1645 3866 4998 3900 4660 3575 3574 1178 1565 6186 1923 7463 2118 4890 2428 2486 3403 2298 6981 1651 4328 4140 1815 5510 2865 14 2045 210 2111 3485 9207 1157 6158 8070 4061 4601 7340 2060 4826
45 6507 3128 2140 1515 9157 5729 8529 111 1238 5779 9171 9380 8921 8890 6826 5499 5434 6747 1151 8195 9487 9539 740 4388 9531 5000 9402 2344 9973 2316 4435 3894 1687 4761 1494 1383 8819 9821 8359 9158 877 8764 1766 9541 3497
48 526 9811 9850 5670 7800 1465 8778 3842 7728 2000 6170 1175 5096 8775 4253 8263 2775 1011 1373 7554 3981 2887 5017 8506 1971 8390 2631 1449 9853 8253 3134 9535 4941 3344 6607 9453 6381 4778 9312 3962 3015 1351 944 9906 2229 6176 713 9710
45 7782 5465 9054 548 8566 6905 4461 1282 9133 5855 1063 2347 7673 3578 2383 9578 2514 3346 0 6987 6666 8098 3061 2102 3284 4157 761 1309 4781 300 9045 8138 1248 6462 1979 8611 5143 9469 8455 8168 4707 900 3771 5716 7622
45 4935 5973 138 8352 2755 853 6889 873 7125 2934 4926 903 7022 682 5317 2039 7845 4008 1735 1329 8463 2658 5208 5799 2077 9060 8283 4081 7706 1182 4844 1798 5124 3382 3414 1796 2816 6999 1496 9245 8801 3199 4849 8480 2227
48 9446 8432 5491 8507 9988 7674 5572 8049 8727 7732 1226 9719 3051 3637 97 5159 1185 2844 9878 2503 3326 985 8956 3711 7037 1601 4292 6601 145 3806 7765 262 2625 3372 1656 912 9766 5985 3011 5638 4080 4498 8422 8311 4420 4063 8161 6337
40 2198 9899 1701 8172 3542 9088 2645 5047 9663 910 4431 7173 2679 3792 6563 3874 5272 3092 8638 9886 7572 9586 3967 190 2948 5787 8902 5083 3925 1603 6385 6376 3438 1281 7281 1548 6013 2056 7076 7411
43 9543 2430 3425 493 9859 3958 502 3788 5314 1560 4909 9241 9150 2183 2841 5945 6220 6714 6615 252 4315 5067 4284 8212 2015 1536 259 9100 3393 7861 6391 1543 9946 1112 866 5847 1744 451 9931 8692 7181 379 6064
40 1285 8404 3590 7067 2265 2560 149 8067 9104 7629 7157 1963 9559 3892 5461 7253 9192 3680 7304 3541 1332 150 4938 824 301 5782 8314 7091 1936 3174 7462 3191 3321 7767 9048 4952 4085 2259 6672 4477
55 2600 7116 8590 2312 5610 4146 3907 69 1676 5151 6910 2243 637 9907 6730 5215 8266 3998 3670 9948 3420 7135 7727 9795 918 9624 4419 6937 3651 3908 8357 1495 9844 2630 9337 1966 2134 9007 10 228 7731 4981 7549 9449 9932 2615 7052 782 8864 727 4991 7932 2804 7228 1819
45 460 1470 8815 953 8952 8766 9951 6464 5881 4248 9955 1142 1053 6396 500 5342 5313 4038 5972 5311 1207 2402 6645 8713 8700 999 8537 2909 4187 5894 7101 3834 6191 4028 323 3966 1022 1031 2566 3282 6548 8495 3638 7377 2779
53 3883 7005 6155 7175 5462 7097 4095 1025 6175 6234 4917 2629 3297 7719 9186 694 3606 1654 4019 1980 3415 4884 757 6616 6078 8233 9319 1000 3706 9889 7114 5793 986 8998 2178 8109 4295 5833 414 7853 5694 4667 4772 2721 3356 7231 8767 6180 1170 8244 7465 4368 9253
40 9053 8166 835 1030 1247 3827 2482 3856 90 4711 7769 686 931 5912 3667 2768 1075 4553 3203 1116 8636 7369 5986 6097 9781 7940 1159 9387 293 1615 8731 9647 1334 5677 4178 3801 4280 2495 9676 1950
47 2717 4044 152 2252 4746 6425 5727 9406 643 619 7522 4734 9310 2971 2696 3977 9553 4492 1592 4242 9824 956 7083 8761 3563 4206 1836 2333 2088 1871 8862 7588 9375 5352 6429 8185 3852 3915 7573 5664 1108 1446 1144 5056 1184 7551 2231
53 5604 33 3899 6986 8586 1799 3258 6770 2886 6618 4476 845 3568 4682 373 760 7967 4885 230 2466 3084 7167 6052 6037 672 9148 6763 3934 1213 409 2843 6352 4633 2812 9709 7610 2180 326 6908 4401 2999 9283 6367 2504 4509 4939 5848 945 5977 1995 6161 5562 7859
42 2922 8595 8021 8121 6197 2257 2354 225 589 2499 7244 8073 5585 6804 8635 7965 8846 7713 4627 1837 7505 1713 3069 975 7916 2494 6749 2571 6193 133 801 8384 5273 384 1868 7284 6724 5913 5933 3602 5602 567
39 8546 2202 5632 5057 4701 8934 5828 4957 4589 930 416 3241 7451 4213 2687 7745 5635 8231 2240 5079 8494 8365 8417 7273 6335 4413 5451 8025 6024 3071 5119 6166 6449 21 946 9023 8661 9424 8716
36 9151 7218 3681 4942 1386 5535 6182 3480 1133 261 5636 907 8175 8967 8153 3091 456 5050 949 3188 7536 7762 3088 4702 3627 2363 7497 6752 4554 1303 3215 7461 9089 2522 7954 8603
35 7849 4077 2795 7402 7503 7794 6871 8408 3724 2132 9615 4683 1677 541 5432 1353 2610 8435 4096 3096 1844 2552 4651 4212 6500 4102 4055 5548 2094 1610 1299 8389 4640 467 8943
51 3249 957 1660 7997 7011 729 5370 2384 1174 9268 8511 1600 8942 963 7486 3702 3808 6564 3835 5497 1605 6545 7288 7534 7847 8721 7664 7470 8641 9285 5357 6565 7939 5220 3052 6856 4209 7130 2612 9552 7594 131 4916 1457 7272 6118 5546 4131 2790 960 8119
39 6261 3505 3042 6250 626 1198 1520 9916 7753 2459 3267 9754 1770 9378 5551 3286 6163 2609 9346 3332 8410 6274 8904 513 1041 642 5279 9641 8209 239 5038 146 2534 1147 8157 6332 9995 7501 4460
49 8781 3194 577 5071 3775 1190 5759 8579 1806 8132 836 5846 9394 4530 9537 6494 6150 4256 7806 6816 2062 307 7672 2856 6735 455 6364 9741 2031 2759 3918 2960 8337 9902 734 1444 2510 4906 7684 7057 9249 4024 8490 2424 5818 5430 8388 7808 3193
42 6430 78 4581 1523 1048 6410 831 8995 2525 1926 2990 2040 3479 9565 4677 5148 2959 4278 3742 790 5558 5347 8593 6361 340 1039 6285 1755 8931 4693 6336 4648 7881 8326 8758 1088 6824 7119 2877 1987 2859 9174
35 7735 7343 3922 4773 7532 5934 5965 491 8714 4749 8260 4104 2746 6073 7455 3281 2437 3211 1393 884 3676 8686 611 5236 2952 749 6963 9260 775 7640 5501 8554 9270 3904 8354
45 5388 3341 3256 3565 9764 4751 8991 7120 1608 968 8679 2084 3812 9076 8807 1107 3433 3094 9092 8964 1678 2189 443 9107 1679 147 2956 4527 5450 7 9881 9279 12 1658 4747 2458 4687 9429 1867 8538 38 334 8498 9509 6239
37 7662 5181 2293 9745 6187 1062 3860 914 6664 5607 747 8857 9646 8913 5975 1655 9564 6867 9444 3304 3402 5396 3340 1064 4635 5764 7860 2675 4296 3398 6892 3887 5270 8536 9177 9113 1379
40 8983 4052 2791 7740 129 6482 4718 8518 919 708 4144 7458 7504 5591 5456 8830 4486 1728 2214 9044 1218 7352 4110 2057 6955 6665 7840 7347 1885 8086 4829 2799 4837 6194 5856 4726 2043 7466 2318 6581
34 3448 3387 4057 7539 4591 9718 9636 3197 9589 9806 5794 6349 6721 423 9226 7544 2236 2551 4035 4723 4519 2208 3621 8457 5906 6549 9036 7058 3133 1889 9574 858 9442 8588
48 295 5959 4189 8364 3036 5722 6857 1807 2017 2279 667 2749 9342 6040 652 5576 408 3013 4344 4039 4121 1263 9716 9266 4180 2685 6072 4346 9689 2682 8869 7564 6327 9418 1672 196 9917 6829 2547 4120 7077 2328 9099 7460 508 1664 4228 7074
43 3181 3233 4858 2377 8262 7487 4050 4833 3786 665 3343 5555 4175 2873 1014 9126 1314 8016 1763 5769 5004 3734 5433 4596 4025 8737 7555 2898 1944 5074 8188 5337 6914 6742 4892 2602 5427 4354 538 520 1008 4092 8705
59 9930 6160 3511 4756 3156 7683 9363 1420 5613 8277 5041 6617 7538 9593 4046 5290 3139 3146 6838 4298 9121 8487 1361 8576 3495 9851 2714 2894 9451 9855 9626 1703 9465 823 4586 3730 3484 8436 4911 2561 3726 9508 4290 4871 8229 8508 7092 5752 7852 5773 7098 6818 399 5800 7644 5767 557 2941 7868
38 4064 1808 6979 4358 7666 9928 532 6459 6313 393 9549 2977 5034 9495 2966 499 6247 8618 8047 9132 6320 2518 4405 4128 2233 2507 6268 3251 4325 5617 9617 9677 8245 6685 7791 6882 6189 8827
49 3149 1429 5077 4867 3294 8407 1750 2286 223 6734 4996 2933 284 8974 9317 8048 4524 8689 4899 4542 1519 7381 2988 6477 4076 3796 2879 8785 2567 1072 1883 9835 3106 1363 3329 4518 5811 8560 4913 7049 950 872 8301 3559 4959 2131 7729 7399 4324
37 813 3611 5482 8447 7183 8001 8338 3903 6876 1530 7419 5492 856 9352 7430 7195 36 3707 3965 3151 7287 3849 5218 9332 8005 4359 7848 972 2738 5584 9517 1667 6951 2324 8580 1721 5142
43 5371 3115 773 415 9211 8250 7441 4983 4210 9994 6054 1339 8949 9909 5687 6927 8006 4302 1095 1412 9183 6753 5137 8281 9369 4406 4544 9217 4898 3449 4003 7850 5384 3809 1642 3006 4823 86 6795 7198 6656 6372 3717
36 130 9661 7569 8664 4391 1826 1271 9563 5545 4722 4458 3898 6711 8427 5796 4636 6348 9098 7667 5654 7773 8696 871 8226 137 203 8988 2128 4168 4758 9733 717 8660 8531 193 3798
49 1126 4463 1579 596 7643 248 5601 1805 2554 8828 8050 9798 4381 5542 1287 9632 9816 8261 4979 1214 6681 4783 8634 1616 1760 3335 3546 3229 7730 1419 5960 4779 1146 5060 8056 2707 1288 8403 4685 77 2500 9209 9883 7275 9087 6660 339 4111 9430
40 2069 7633 9037 6785 264 6474 745 3371 1038 140 3867 3101 4181 3762 9502 199 6177 1912 1045 1953 7356 9112 1583 9923 5951 4117 8328 9326 7187 7838 3408 3100 6451 3010 449 32 2861 9655 2919 3254
45 6781 3953 7482 805 5467 2583 2479 5826 544 5278 2472 633 7617 6540 3556 2756 9671 7933 3132 8753 1934 1774 2283 7524 1206 6134 1394 8123 2119 4708 1650 3213 8944 9854 8224 5983 71 2659 9865 5543 279 8499 2670 6728 5723
44 4398 8665 2661 1758 7867 8386 5511 1473 4265 5916 4864 9755 1283 6419 7158 7456 7232 7202 3896 9892 1834 1310 6411 6884 6171 2364 9203 454 2450 9182 1005 4835 6550 1693 1069 533 4854 7928 9277 3063 7977 1498 3502 1941
46 854 6683 8183 1734 2005 7822 585 1920 9366 4152 3689 3613 2680 4306 4720 627 8907 3639 9765 597 1571 6634 4953 7748 9338 3489 1317 4880 5098 3817 9306 2969 1759 2277 8452 6941 9290 4432 8241 3996 3223 8662 9810 4244 8915 1954
36 6925 3283 2954 5672 666 4411 2783 4896 6395 9785 7339 8101 9084 9068 9235 2141 1907 7721 3644 9915 8663 6192 1469 4116 5508 3290 5063 285 6505 802 2617 1657 6704 7630 5550 5024
42 1787 602 4937 1130 9873 9014 7873 8820 7376 5005 3715 2469 4436 5574 7900 7525 9052 9952 8957 3557 690 3114 5925 4652 2100 7278 5146 5168 5935 3022 1077 560 9368 3047 840 9398 7409 1545 5407 826 3985 2165
44 2190 3699 1364 5802 7059 772 4535 53 841 6922 2858 5162 7842 7068 1120 9370 529 3760 8658 4262 1821 7875 9356 4345 7959 6244 6203 1256 5414 3487 4842 7122 1307 2204 6508 5217 8131 9596 7371 7307 620 1105 1168 2400
51 3765 6257 1143 4183 6535 1492 1881 6980 2652 479 5448 9114 9125 4374 6712 385 2627 2477 576 1668 5514 3990 2646 6877 706 2852 2624 341 6511 5697 7039 9367 4457 2235 1559 65 3475 8145 2028 8374 4729 5395 4923 8351 9869 8392 3961 2943 8734 933 1988
44 1752 5888 8701 7511 5049 16 7475 7222 8256 3235 9701 7291 3389 6331 9287 1278 581 3431 9943 8255 1318 982 4030 4299 6452 5838 1251 6585 1083 392 5369 1423 2724 3759 927 9457 9061 4263 8668 7414 9034 6584 655 1622
52 2648 7111 4922 2158 480 1712 1938 7282 6388 6809 2343 487 3630 1049 1675 1832 9130 9571 7608 7121 4948 9629 1659 2126 2200 6441 6612 2121 3743 7685 9628 8581 2828 798 8448 8305 8723 6033 9805 8505 5822 2251 510 4255 1765 4733 7082 1973 5480 1876 7126 9216
39 2414 3845 9263 7313 7988 3158 4449 5324 7510 6314 5362 5537 2614 8927 4415 3201 1459 4004 6446 7025 2519 7410 7983 105 1047 3073 923 3083 6632 7300 5840 886 8627 7515 8760 1316 9196 4417 1921
36 9670 675 8551 8134 1197 7639 2037 6196 4818 2403 3350 15 7084 8829 4363 9583 4673 5066 4001 7040 9752 4132 6518 6370 3441 8520 7991 5234 2733 5037 3830 2735 1401 5154 2376 50
33 2868 929 2049 6519 3577 55 7984 5512 1109 6049 2691 9303 3131 3192 9817 7412 3269 8699 7906 1620 3532 5665 2359 5327 8259 5519 5183 6841 2601 9316 3058 3037 4712
45 8725 7406 4259 9395 1366 4122 6363 8547 6347 3118 9091 9557 221 6025 3510 7936 5446 2197 6353 1055 4452 1777 4945 6707 4621 895 1547 308 7500 5211 6993 1104 7468 2558 2592 1461 5009 4062 9842 3531 4971 9529 1935 2699 3162
44 8103 9662 8085 7927 9038 1425 5289 8445 1297 6658 7986 7589 4252 7473 7442 7323 8347 644 8398 753 6041 6128 101 1550 647 6978 3675 5385 4350 3889 4281 142 2689 8493 4127 4230 4816 9119 7733 9707 5884 3035 7289 646
36 7277 6412 3781 1424 2607 2838 606 3652 6801 4348 5127 2325 5172 2513 678 9722 6407 6454 6985 1521 6084 4158 217 8754 7043 2203 3770 7844 5768 6686 3359 2853 9971 774 6863 9308
43 3117 5435 1641 352 8961 2353 2563 9827 9134 5156 372 9860 9202 9577 5345 166 6538 1462 3020 6575 8348 9782 2154 6035 2470 8564 9959 7269 4134 6716 1723 4681 995 8585 4266 8648 4665 9770 2294 8094 6849 5293 7166
37 1204 7080 6845 9282 7611 8227 5944 128 8488 4500 4973 9376 8279 7668 7506 6921 5328 1928 5440 7884 875 8930 1253 7896 2642 8818 1939 8238 8150 8358 120 3567 7266 1683 4310 3955 5926
38 8680 2586 1499 8652 5863 6258 4472 6869 4005 792 7724 8797 8745 7384 5857 5237 6973 2825 1709 8066 881 4138 9343 7797 1016 8911 5760 9339 3220 6061 1092 8517 2408 9500 7907 3999 769 2620
22 6635 8608 5910 7131 8919 935 2221 9172 3554 8003 9165 527 8017 1211 5163 9874 8282 4646 8160 4351 9870 6942
41 1809 1060 9194 1745 3518 1574 3694 8504 2813 4163 3027 4217 8979 3044 1165 2445 4186 4969 4485 4495 3261 2339 2058 391 7807 6874 6188 7921 9800 6743 1028 7423 8866 7489 1516 7154 1158 3588 8659 8446 8863
38 6729 688 3291 4877 4573 7744 3744 2 5539 1191 424 7217 8428 3811 2665 9777 7014 1840 484 3814 5105 5312 9634 7137 5012 3017 3871 5406 7174 5291 4489 6894 452 1843 6205 6401 9815 5946
52 9184 9117 8575 1125 2418 6351 1139 386 4370 9361 4803 1275 8693 2857 5739 8619 5940 4018 2924 1969 3755 206 19 5204 5707 4668 7311 3520 938 4047 7628 8559 6944 4205 8839 4367 2385 3360 8521 2409 7755 5076 1567 9463 6201 897 8385 4791 95 6422 8570 6456
41 1831 7660 7637 1417 9142 993 320 336 4792 3656 7612 7699 1279 1544 7454 5080 4848 9737 229 6036 8486 755 8192 185 1183 4565 7152 2521 6260 1176 2730 1097 1440 363 3401 8612 6860 9876 8718 628 685
42 6392 6214 2881 3620 2921 1430 6374 476 863 8483 9695 7720 9732 3987 2705 8552 5158 2669 2142 5772 3391 2875 7696 2187 8533 7239 5202 7693 6339 3854 3504 6736 7919 4396 5659 3143 984 6185 6115 9910 5169 6694
49 3353 2452 3302 3043 7099 4049 7305 6830 1348 4227 8903 8613 5182 8371 5133 2205 955 8208 5401 5724 9001 7033 3603 1903 8905 3338 1829 5318 9575 4289 6384 216 4736 6302 4972 2703 9846 2818 2761 2541 5431 2386 3202 9197 7857 2092 2307 4491 9767
39 1785 6416 7481 2297 2809 8843 9199 412 5745 1365 9681 3333 4151 9259 4532 4455 990 3886 6859 9314 7407 3135 6794 5690 6629 4903 2709 1177 163 5424 5265 1255 2367 8814 1897 3938 5474 6803 2720
39 39 291 6421 9111 7855 9809 9584 7185 8639 1196 8527 4166 7814 8740 8391 494 8924 899 7296 4863 1118 7824 5252 5177 9731 1284 9240 6966 9436 1617 3465 8747 1864 7472 331 4847 2548 7024 9059
44 1044 6266 6229 309 726 5668 6043 4279 5941 4982 2745 8970 8297 6847 7619 8368 1227 6961 7645 2125 7723 8909 4770 8978 6178 4737 3439 6236 4394 5830 2247 7308 1219 9775 1623 6164 5597 3467 4691 1929 6531 2397 5222 9198
38 7694 8711 5917 7216 8899 8291 7035 5557 9573 9611 4794 3971 6983 9726 7145 5003 1597 2052 7432 4011 4714 5251 2007 208 5022 2962 8064 9483 2124 4069 6476 6004 1224 1487 5570 8897 2473 2485
48 7190 4268 6705 3695 1817 9155 9224 5653 822 9703 3764 8053 413 3865 1818 462 9845 9139 2511 1233 648 6095 8676 8031 7334 1068 360 7044 1463 7051 9497 880 8604 116 5283 1167 7378 3107 1321 2035 4271 7690 1418 7772 4873 7034 9783 4378
52 6224 3190 2951 3288 4994 5984 61 1872 5503 2945 1733 1870 9618 7449 3640 8201 7961 3009 8966 4832 8046 3079 2167 8257 7066 5937 9090 3825 7953 9831 6901 925 6317 6120 234 1593 6813 383 5873 486 3526 9491 9527 3803 1990 1553 9507 5287 8268 9528 3622 3212
35 7163 8018 2368 6638 2864 3693 9727 6237 4430 7695 8108 9135 3745 3478 5844 1537 2944 3380 6298 3612 4795 3362 5761 4528 8732 6206 2608 9504 4471 3161 6546 2369 7387 2639 2763
44 4980 2785 4119 3075 9475 1704 2527 2380 1612 5879 5643 8176 6590 9439 1239 4400 5153 62 1301 2137 1794 7212 7535 8892 7299 11 8278 2387 3619 2539 7493 867 6015 6744 5048 6842 1997 7160 6137 6887 1707 9897 8397 6069
39 4172 2897 9284 2649 4967 6822 5336 5889 417 8513 6738 304 4408 807 996 3846 1855 738 6862 6079 4728 8060 8353 6286 7596 9793 6457 6533 3474 8916 3654 7062 9390 5235 9350 2917 212 3859 6434
35 2736 5534 9246 5209 5228 5615 2301 2152 5680 530 3844 9592 5886 5667 5397 5763 1173 4073 1784 2997 2569 3477 2789 9961 2230 9315 9077 8239 4040 2075 1486 7671 8361 2179 5376
44 7427 271 691 8958 1959 5349 1556 3271 5310 7015 3646 5898 5035 8743 7636 8681 3932 721 6248 375 73 1002 6309 1089 1405 1561 8981 8213 5106 2319 6547 7484 6675 1245 6386 5068 3124 1484 8800 9924 1065 2708 7038 4825
41 8858 3336 8481 4347 5876 1846 8207 4249 3437 2981 5529 1026 8954 8460 4657 4034 5744 1673 8002 1124 806 8779 4809 2412 2465 3604 5791 1542 2979 3880 6099 3664 7274 980 5887 6253 6740 5904 222 8914 5366
39 2870 1040 3361 4466 2772 3628 3519 7871 5686 1113 5373 4002 1345 5421 1737 7020 8628 5579 515 4314 4304 7703 9272 1906 232 2727 4385 9880 4149 7128 7375 2095 1663 4997 6984 2310 1649 9725 6793
39 2038 26 6933 671 2912 5549 2636 1172 1599 4629 4840 8824 2050 5901 6427 9609 6092 2177 952 3582 5642 3225 215 5547 8414 2591 2914 4958 2710 5589 5523 5502 4575 9599 345 1012 6311 1370 3289
35 2440 4107 471 9248 5834 7606 4805 9115 2218 7047 7886 7147 2468 2674 88 4203 4511 7811 4387 7112 9384 9885 3648 2284 4156 2185 3631 4562 8515 7292 6779 1564 9292 5650 3419
31 1572 5149 4830 119 2406 4349 8366 6720 2429 4748 5441 1989 7351 924 9223 4630 8304 1258 6088 8594 5405 2168 6609 7975 2839 8549 3175 5353 3523 5341 3683
40 6428 8415 28 8556 1725 7382 1847 6597 8184 8190 6641 5598 6151 2048 2693 1205 2478 6445 8528 3177 2255 2299 7625 9546 2741 9153 710 5969 5883 9027 5055 2688 8989 6821 8082 2393 6136 1541 3725 7571
49 3179 7833 7851 6423 7395 9498 663 1964 1210 5097 9780 5457 4188 720 4672 695 1149 6746 524 5155 2306 9679 6328 6726 7866 6458 489 9803 2010 2317 6226 7990 5351 5481 2762 2322 3895 2986 3488 8367 7261 3543 30 1635 6023 2272 3605 9010 922
34 3183 3187 2734 8796 3138 9360 8315 9761 6671 7404 1835 2976 9079 8274 7978 3540 1220 106 1163 406 9600 8615 9658 4658 7415 125 6628 5624 8865 113 109 7238 4211 2457
26 1942 9215 9168 971 6640 1825 3247 846 3476 4817 2860 8071 4480 5400 2840 1448 9728 9129 3330 5256 3584 6082 9372 6486 7236 6485
36 8854 187 2378 1893 5147 8424 8841 7298 8400 2604 8378 7394 2226 1740 1431 9648 7960 6382 2081 7457 2739 1106 7655 2794 8360 1313 8344 4975 709 9244 1688 4545 590 5239 9908 9289
44 175 7641 6613 5213 1531 3496 9836 5338 1467 5334 5740 8657 7203 5994 8058 5784 2415 6633 8022 132 7993 5661 2053 3499 7697 1336 5444 107 1968 3285 7370 3629 1627 7016 1662 9990 1452 3920 3558 3185 4725 6732 9533 5322
28 4065 2086 4114 5524 9980 3031 8182 4650 1410 1924 4631 2533 2162 3735 134 8719 7367 6091 6283 9400 6715 8441 5958 6972 2654 9313 3388 6766
32 7653 9872 1816 9237 9213 4246 2219 4582 1422 2963 1618 8870 571 7829 3447 8478 5892 3299 6940 1320 1110 8171 5699 5358 277 5473 575 2138 8671 5374 2266 9970
39 9826 8299 6931 4769 8971 4931 5091 7543 7358 3317 8501 6294 4929 1100 236 9042 7985 1602 343 143 6620 4988 2123 6162 506 868 1443 5976 8292 2441 2568 9373 3309 6397 6850 7784 5836 6034 183
33 6340 9712 3772 4797 5206 2451 4918 8125 8850 1267 7604 5253 5914 7012 9621 4679 8147 8831 1869 2435 8438 3954 5187 629 8211 8325 3650 5126 4082 6868 7614 1272 3392
26 8946 2032 5968 5588 2996 7760 4496 2332 8286 2027 656 7658 4382 6218 3716 7250 3428 3113 6121 4192 3517 5023 5900 2935 5757 6318
37 9058 3491 7642 6891 60 712 8159 583 7946 1582 6928 8399 5175 4559 4478 5766 2889 2731 8884 1671 2722 365 2961 6554 7226 6731 54 3144 2808 5504 7464 2274 4698 8345 4993 501 387
33 482 5703 7297 4768 2993 9019 6739 6995 7922 6839 2497 429 3268 6918 1956 7496 6854 4887 1489 1890 2464 1378 8235 8783 3349 2701 9649 1276 2374 3836 3125 6553 4232
33 8383 4282 1732 5645 4447 2091 1270 6007 170 4267 7974 9031 2253 9420 4239 3972 8319 9492 5423 8525 1305 778 8675 3462 9185 8567 5173 1382 8553 5753 6242 1646 9665
37 5952 1179 1059 5938 2365 6879 7913 3562 8812 1192 5032 2176 1056 5226 1863 1524 9963 82 5765 4087 8572 371 1325 572 2144 2334 5989 6767 7889 8997 5890 8985 1933 6105 7142 8808 3250
24 8489 156 9747 8920 4236 558 9264 3551 3460 4600 5416 1888 896 7516 5247 3486 6677 8950 5207 4857 7771 2186 2175 8074
34 1768 8644 9106 8294 9445 5726 3265 1584 9773 8654 1976 9787 7761 6848 8377 2770 1193 2267 9734 9687 7488 421 4567 1998 4372 8993 8646 2937 6529 9242 9477 703 3490 6878
38 7828 8826 1951 8080 3704 3581 4392 3025 8133 4068 8616 368 5712 9938 1555 4879 4555 3443 9771 2684 5851 7802 4910 5999 1588 7841 5308 5821 1319 8333 9904 9080 3616 2950 263 490 9882 6759
28 283 9057 3636 6570 698 8356 4481 3917 1368 6586 1464 825 5790 5612 7491 5730 7249 9515 6101 4015 3881 8519 3050 1017 1782 348 5413 268
41 2995 779 1242 2793 4834 4494 9746 474 5383 5903 436 6919 3455 6085 7483 8540 4986 7846 3103 5348 6688 7877 8645 1264 5850 7075 5447 2782 8461 6114 2908 842 7541 8242 1984 2637 4869 8419 2237 9476 3301
31 2822 3875 6469 1304 523 2496 2051 8698 9949 9362 817 1021 4739 9833 4557 1411 4609 4641 4425 6100 8083 4580 6259 1509 7078 4361 2764 3121 31 6883 679
41 2098 445 7205 8917 2517 702 7408 904 7969 961 7295 6622 5387 9459 8093 8396 6574 9678 2888 926 3098 2535 431 8024 3040 1506 6016 2338 9254 705 8162 4576 7624 7176 1839 4521 5556 9619 7663 3001 7036
26 586 4465 4796 2896 3423 9243 6001 3921 2024 7133 2876 9056 5112 2042 1708 2973 2326 8421 2622 5459 8258 2788 8885 6009 5109 7952
36 3236 5702 2578 7320 6501 3469 9594 159 8741 3385 1222 3799 5948 9743 5274 4321 2303 4642 171 400 3524 435 4294 966 5829 704 9093 5706 5015 4597 5875 7646 8214 6292 5036 209
31 5030 1833 2209 6265 9258 1568 7480 4551 2765 9538 7180 9975 8334 4088 5475 861 3813 8873 2573 874 7087 5949 3064 1852 6722 3947 5758 6703 6212 9485 5630
25 4891 6227 1472 7793 9960 8673 803 2890 2512 5129 4704 6771 5908 1557 357 2346 6970 6498 5923 3944 1795 5725 6299 7338 9496
36 7132 289 6950 654 4786 4861 9825 5326 7512 7030 2241 7421 4389 2012 3783 9382 5700 4033 4717 3763 433 4587 1259 3986 4592 6621 1371 6426 7958 4379 4171 3195 9499 6851 6470 8656
27 4801 9581 8669 5566 2381 7915 154 9740 7494 3703 6102 6969 481 6300 1315 5646 1145 1751 3669 2983 3306 5990 2097 1421 1070 6369 3888
29 4467 2849 2777 7110 2694 9720 539 9097 34 6390 9622 6566 7219 6994 1186 2740 7929 299 3434 2304 7766 9274 7698 1634 7317 9281 2651 3536 9848
30 2823 2150 4671 1789 9096 2113 5748 8165 7944 5520 9868 425 7210 1916 3141 8503 4238 7209 5166 6003 7071 785 9751 906 7880 8898 3949 1189 6125 6241
29 4078 4754 9348 8220 9606 5281 8040 3756 3295 6741 786 7787 8922 4503 8293 6444 7405 9039 3736 6748 3722 4250 5263 7858 404 7812 2906 4329 8320
25 5835 9692 5801 592 6154 8154 8844 2647 3847 9120 9417 8530 1511 605 9073 3506 4999 3314 545 2606 6723 3435 7955 7344 8111
35 4852 8097 810 6956 6982 850 6344 994 4473 4048 6655 3312 6888 1123 2085 7864 9936 40 5614 2673 4100 8285 1269 9359 6481 6605 2001 8630 3266 5368 3087 1913 2744 4856 250
28 94 5189 2372 8849 3292 9415 1644 9942 27 2090 4 7054 1895 2188 6322 8992 5152 8210 7920 9181 7286 4251 6873 6047 1501 168 3974 6262
28 3363 8372 934 2163 9888 178 3264 350 9128 9591 1554 3150 2305 5302 3383 1858 7335 5751 2145 9987 1882 6520 3537 2718 3028 8848 5188 9322
32 6130 2769 4760 6610 2146 1512 3528 2193 1349 2244 3912 7383 3643 7989 6930 4745 5224 4868 1260 1148 8355 5669 5580 5323 6926 8076 7392 7580 4330 4395 838 5303
27 1434 2635 1468 540 7235 9336 3222 4784 3929 4303 9750 2644 8875 9685 908 4851 1322 7416 2836 5489 6579 6276 9927 5858 4715 2220 6255
33 9413 8544 9742 3328 9630 6791 4989 7742 5258 3618 8454 4824 9075 273 9123 2023 9033 118 1300 5277 6902 3166 7085 7201 9127 8442 6357 1681 93 4162 3182 784 9554
23 9392 1965 1187 9443 1140 3163 9887 5008 3661 6890 3214 8072 6472 8349 1491 3442 561 8439 7259 1076 9657 197 2501
21 5455 6056 5460 6949 5538 5210 2330 3019 6487 8434 7365 6117 9797 450 8620 3260 9055 8625 7785 8343 5544
20 4141 8963 2570 4655 2830 1437 9699 4692 4097 23 3937 4464 8609 9238 2677 6129 1096 2350 8020 9344
30 9351 9714 1587 3665 3379 3682 8951 9717 8170 4009 5721 2072 5466 432 1414 6483 8324 5693 8431 4813 394 6329 5509 762 2555 1132 5267 3733 2061 5522
14 4397 8851 6557 7136 9210 8724 6559 1035 5229 5528 3914 3396 8730 2878
24 45 7781 314 3666 601 8598 3323 2752 8051 8181 9522 5157 1093 4789 4799 1024 4007 3033 5333 6030 6861 8746 4286 4588
23 1717 2913 4072 2715 746 6897 593 7453 8248 1200 5020 8751 2490 3471 7177 2489 3997 6709 6406 5553 4291 5128 3238
38 9049 6440 5608 8502 3039 7689 2728 1741 8472 1539 3209 5837 8205 3589 1590 9612 7979 6693 1970 108 4093 536 9984 3454 5144 4744 795 2399 3784 5853 9690 4709 7258 9407 8036 2923 902 9986
20 2223 7318 2748 1896 8309 6790 2557 5160 182 3598 3757 5355 6674 7982 9441 9585 5658 5051 6455 5780
17 6096 13 1918 8468 1824 7337 2191 1080 8177 4195 7529 554 9993 3280 9456 5321 6936
19 8057 7584 8099 5673 377 6543 7707 3992 2767 3893 2815 9288 3659 9175 939 6780 4091 8623 8832
32 4066 9180 4960 789 6792 5325 4469 2433 9154 8912 1791 4878 3984 612 4084 8055 7632 1958 8144 8790 4313 5915 7161 4839 5695 4277 8375 6643 7743 613 22 5138
26 102 1842 3831 7448 3240 7832 2640 3780 3833 7561 328 144 9320 7798 6895 5885 2832 915 191 1528 5113 3432 8063 9933 3623 2633
12 9738 7256 4766 4060 4807 8592 9956 275 6463 4045 9425 2760
32 3720 1999 8362 6330 5590 276 5062 7574 9447 3076 1985 3878 7579 3533 6692 9501 2357 1131 9227 5483 8012 741 3969 5115 3324 9110 1715 2463 3872 402 4373 1932
17 6042 4136 2713 9784 2156 625 1925 9614 4165 1004 7144 9257 4765 3119 7638 2083 9273
19 6595 4513 9890 5260 3172 4322 7901 3501 6668 3492 5086 7124 6959 2940 5942 9220 472 8678 4950
26 681 6062 3731 1860 8406 5683 8607 534 3339 8306 1861 8492 9966 2797 6654 8710 4966 1036 6389 6820 3950 4743 9147 7992 6988 9702
14 2584 5682 2238 7700 4231 8938 5771 3902 6341 8960 3732 1685 8806 3
22 3440 5939 6368 7704 3679 4893 7186 280 2803 4501 3116 4522 8316 9470 7264 2242 4730 4006 5343 794 3550 4933
11 9822 6424 6885 1573 70 4053 8523 4870 2698 9616 525
20 4219 7957 9191 1695 327 3660 1862 9820 5647 8545 3374 5223 6497 3411 4951 3426 1670 2531 1983 5136
13 3016 4808 4273 2672 3698 7890 7096 9385 4362 7603 1082 7229 4543
18 6808 1790 9349 1569 8969 3841 5552 9804 8090 5472 3248 8118 6113 2295 3804 2166 9957 1355
13 2446 962 7925 2855 4900 4804 2254 8756 8655 9896 4568 2248 227
9 2603 2550 5919 6710 1257 5018 1810 5069 4949
10 9832 8568 8453 286 6319 6093 9460 6992 4390 5756
19 7109 1230 4514 3632 2805 4169 6005 9814 7914 3832 8697 4260 5197 5675 5498 2076 3104 5525 1746
11 9145 7138 1466 3145 5564 1037 9839 2258 2918 6461 7233
9 6599 1141 4523 2851 7519 1769 6200 724 7031
12 6263 6562 9159 9925 7552 3409 2892 1804 5377 6217 3995 3941
4 333 9340 8128 9976
6 9321 719 306 4483 7768 9913
4 9696 804 8141 8561
8 7309 6233 8033 4661 7418 6475 2536 2114
2 2574 7426
