1011
800
457
315
317
459
457
299
348
270
1016
918
1132
898
643
756
870
53
499
677
458
736
255
424
46
839
300
709
410
386
394
378
550
1213
198
672
516
553
231
687
466
395
717
914
376
297
58
482
862
804
731
262
243
32
878
307
169
450
475
1059
530
494
648
854
154
585
46
780
1064
554
700
590
424
742
655
1072
434
413
550
500
834
486
605
726
378
869
135
485
408
817
347
487
651
194
821
978
937
564
922
110
195
961
572
711
870
611
980
705
444
322
352
970
1057
581
983
117
758
254
163
957
380
966
100
682
475
641
897
954
387
390
270
817
436
612
272
821
516
466
608
472
783
1115
684
749
524
537
688
372
732
540
616
804
1004
594
820
724
1117
465
511
608
625
885
678
468
482
311
95
482
317
261
841
477
142
375
621
202
460
651
577
456
1079
1013
377
177
375
1014
349
242
459
521
673
190
388
203
419
395
993
687
508
89
469
950
517
738
729
882
842
729
726
632
403
235
963
1463
807
514
969
637
567
908
359
479
38
770
762
277
742
505
624
255
259
124
423
779
372
440
594
610
408
491
589
662
1225
973
849
752
259
375
435
793
518
365
592
216
325
302
1069
792
905
1199
830
395
495
129
337
1083
615
131
162
458
42
1203
925
691
323
349
726
562
270
377
155
662
1028
591
805
998
86
595
1028
711
865
162
640
1075
733
722
1017
560
560
77
