2708
1698
436
939
1086
1577
2041
436
765
557
1380
897
695
1424
1942
1186
1346
785
2067
329
266
1796
604
8437
751
2364
1828
430
1289
1144
680
2409
951
1594
1372
1840
984
882
157
3121
1252
618
1305
1784
272
1499
860
1901
1908
681
793
1100
682
238
1556
498
420
1188
652
641
253
947
542
449
253
1218
1098
971
398
845
801
2257
290
1824
1064
1221
1873
809
1816
1317
1763
2295
1198
759
848
688
423
935
633
6626
979
621
702
1521
693
761
1072
2197
975
785
668
1417
776
528
555
1689
1134
854
992
128
639
1027
564
1057
803
1212
1341
1013
370
195
1193
405
756
619
406
1005
1044
1214
554
2172
605
444
613
853
1488
249
441
2784
963
722
1199
1797
442
1576
243
460
1409
988
1839
582
1349
498
818
1509
324
2001
1792
583
283
359
954
1304
532
1278
1300
1726
281
1280
775
159
642
535
649
1327
6504
775
1232
360
769
1681
10565
744
723
1994
788
1176
665
1314
1628
1889
941
1522
554
425
2001
823
1330
513
1599
1210
905
1210
1000
13766
863
1417
538
1440
1041
1999
1830
4163
2026
621
540
761
1651
1232
7373
736
1326
319
578
1532
772
520
1404
947
256
3314
2128
399
532
6522
617
1329
633
563
956
685
7454
979
1379
1833
508
172
758
1538
731
2681
717
2441
1414
527
1299
995
742
1632
2149
1527
584
1016
2681
543
2660
480
814
1528
1932
1520
643
1137
1564
449
680
888
548
988
765
706
763
593
865
894
1481
2030
890
1093
1838
1235
1021
1573
209
1397
950
565
737
1492
1550
774
943
1930
905
1484
728
1132
13568
883
949
586
7738
8185
1505
2278
1142
1484
823
1288
2382
703
2141
1007
1519
1774
1821
418
1123
1209
731
1943
1159
525
2089
1021
1201
606
1437
986
940
1330
1156
1084
959
622
926
845
1142
932
1407
455
2498
1629
1080
1398
1459
1173
1112
192
394
527
1786
1325
2079
1113
9790
958
256
1699
8437
1529
208
979
499
724
633
1663
1509
1665
1699
2956
1285
588
1647
849
4131
280
759
907
2818
3868
813
124
1203
1595
530
912
115
1301
1098
465
1870
704
1137
146
290
876
495
539
3128
1191
933
1092
1527
827
839
2235
1095
872
1372
231
886
1048
1047
731
1360
1292
1068
1695
1446
430
847
598
2054
207
1061
1698
809
2994
2041
890
2089
1694
1691
1024
1226
1340
1990
1148
1379
636
1460
752
336
869
2546
1438
1389
2367
1060
435
752
1198
890
174
1846
1027
789
1123
671
758
1687
1330
363
993
2288
910
13733
1494
529
381
264
1535
1231
805
1107
120
2959
1301
1856
1182
783
244
12770
1969
2163
1385
555
1735
1410
8079
502
446
1127
885
955
1359
1045
2075
414
1013
1409
1350
661
1380
304
1477
774
950
1059
290
200
125
674
128
2040
937
549
136
1366
455
586
430
1111
1727
601
1695
823
674
1756
1828
543
594
1250
964
527
240
735
682
1954
3134
2018
803
419
1693
432
1108
1319
432
1806
1566
191
1687
604
10076
1347
1344
911
1201
2041
1100
748
1097
827
765
1194
737
2648
657
1694
1851
1446
2162
1768
552
2675
769
753
462
2008
2272
1178
317
1955
1205
2679
1155
594
498
985
735
2318
1563
729
852
1677
2526
575
1429
807
2077
800
699
1096
3240
1562
482
659
262
454
625
1997
261
2129
466
2129
898
590
791
1019
1204
840
1946
351
1678
1247
610
2691
524
705
688
1208
7186
535
2250
710
1281
261
1600
1238
651
665
1713
1506
679
1463
717
1483
1947
557
1040
263
816
483
283
1258
207
8214
596
684
1468
791
193
662
1258
1202
954
827
206
108
1105
2085
694
604
641
2208
1760
1805
2108
2554
420
1433
979
623
2626
1333
709
1250
247
1836
1003
1221
310
1862
758
715
581
1596
1590
1467
859
1123
552
2148
1204
1129
793
740
1469
1159
9727
834
840
1839
2104
940
450
2020
1166
455
339
1271
643
886
563
1820
662
1458
1259
970
185
335
621
2511
280
1601
1061
843
970
1428
569
1549
546
1314
1247
632
918
1618
88
436
282
1054
984
1793
1526
1531
625
7811
2313
4404
211
1638
398
1516
11355
1561
1046
2020
1166
882
330
1235
336
628
823
1919
1118
580
1437
1704
2852
629
380
874
446
1014
722
782
418
2935
2503
1079
654
629
1077
1425
1368
182
3129
1167
470
782
874
1003
2057
948
1811
1609
1109
687
2238
12083
468
1579
1013
657
1649
564
331
1678
1271
849
2021
616
962
758
7887
1665
974
526
1345
193
332
126
1236
1426
942
1118
1268
106
1628
1558
277
2237
614
2689
1139
1863
469
462
933
1229
1061
620
903
2274
903
969
2269
340
1369
1613
1883
8948
8202
1611
1149
1699
826
850
2449
1777
2310
864
1432
2325
980
697
1109
1057
1182
522
474
608
709
2809
928
176
460
1570
999
634
458
1588
574
1391
2341
747
912
4178
595
772
1535
1184
548
816
1279
1382
449
1263
1340
908
1771
622
7280
571
516
1772
333
1821
1244
87
995
956
1657
570
2160
1128
429
1752
523
2253
696
849
7549
1294
661
1997
1422
2121
1019
1155
1394
2026
363
765
471
151
1725
737
1380
394
584
1745
442
1502
1453
578
1867
447
1044
1155
548
957
1408
893
443
1131
1935
13707
1490
336
841
1103
666
1925
1816
1101
1235
1149
967
1333
1799
1041
223
1500
2659
1469
211
1270
1045
13882
751
6727
956
1096
1515
751
1917
766
2075
1099
673
257
1254
1341
3499
2522
477
7377
93
1158
2338
7351
8173
1759
1251
1553
7945
1347
722
429
646
341
1783
1805
2117
1110
4332
360
441
2795
1467
1653
433
1115
683
2040
1239
378
1494
889
1753
1028
473
713
897
1926
579
1456
1314
1492
7569
618
275
1481
796
280
10344
764
577
674
1427
338
1371
1613
876
869
1861
1233
570
1054
815
675
1082
661
1437
1456
2052
2205
1026
1376
585
1557
1158
1734
1138
1534
942
1361
596
952
147
2041
659
735
7936
708
675
2040
714
708
1930
1218
2133
8978
1342
517
605
2611
1603
403
612
612
233
1104
194
1530
735
1021
1344
1007
2762
1964
237
537
14311
217
1208
1403
1005
7578
834
1773
6249
1775
324
8059
810
725
1214
753
618
408
1279
910
1097
1509
554
180
13079
1523
630
1002
733
809
539
1255
1022
782
1063
637
826
713
721
1036
767
1418
2116
9704
375
1915
1317
780
977
516
818
2178
1239
460
1024
7938
801
12411
796
4597
1233
212
395
1004
1518
551
596
581
935
1724
844
5254
136
8513
1902
354
1056
987
1668
1260
1109
2133
955
1040
1609
450
1243
512
695
820
1771
689
643
1956
2053
839
1365
813
797
541
1029
1043
1098
1161
1352
1326
1293
735
1269
418
812
7849
455
632
1008
575
1171
1692
1558
300
496
945
614
1407
979
1582
657
1339
605
1071
584
324
1610
1095
3971
227
763
741
1727
1009
290
680
864
173
501
1771
1171
1604
1497
7399
2150
2445
1083
93
2305
771
569
922
84
911
927
1388
1184
1464
1293
1198
988
973
1805
1318
582
810
1324
1267
904
1176
1141
105
1310
869
1080
2376
1021
951
8497
1472
1608
1963
1728
863
1030
2000
1258
560
819
701
805
806
1974
1173
968
490
779
841
13815
633
1819
1684
977
11030
163
1841
1666
345
907
1443
1081
853
296
1826
311
2666
680
1621
1434
869
806
1477
1933
1396
1594
611
1907
1234
1239
216
1406
346
661
772
936
11635
1383
1120
917
1282
9348
920
1271
1345
2164
330
540
1051
759
1385
294
894
1296
1455
755
1256
1378
813
12507
2038
715
133
386
429
802
1280
816
1590
1560
826
2902
1005
1185
1190
1416
2164
547
712
331
725
2994
2356
1638
1247
232
2217
3246
2016
662
2017
1858
1451
3172
719
1682
1299
818
590
2414
983
391
2906
1018
1118
650
1395
1011
1202
524
388
901
538
1176
622
650
1585
1255
612
2903
869
999
1734
701
1669
203
1188
749
876
491
385
774
1157
1612
1839
1216
1095
968
2454
1512
967
2043
805
371
1357
1055
1549
1294
952
150
1366
191
1726
994
546
1303
964
262
841
1251
1001
389
693
703
1049
586
976
28
1269
470
489
846
2056
2284
962
1446
686
627
1330
1245
1136
858
1031
557
1875
1727
1363
324
430
7187
351
1064
164
2085
599
1340
1494
1604
1964
1103
848
1316
1805
848
932
8694
7242
466
645
826
685
1744
779
1773
1868
10452
1220
199
901
1573
2450
1930
2663
8610
1554
1690
1115
339
1465
1341
1149
1015
1045
1269
781
773
839
522
668
1780
662
646
1922
595
693
1052
2463
865
1138
644
1513
1347
407
486
1304
890
743
918
399
1253
785
627
997
944
1353
581
1253
590
668
950
2479
827
764
1477
658
2030
924
634
1081
861
596
684
1176
1760
827
1421
9997
1219
1375
1031
260
149
365
1947
1457
564
1200
581
843
1055
1038
1164
2331
630
458
1717
1452
308
904
1115
750
1598
2353
98
1681
1354
944
1045
684
1900
1691
1097
210
1852
1142
909
2185
559
1050
566
3009
1039
1125
476
883
704
2722
806
567
1509
473
458
2443
1011
511
2077
454
639
1250
1442
1283
653
235
1099
1286
5025
664
1687
716
1856
1175
816
1490
1824
988
1770
3326
1423
1025
2032
1190
434
1435
2940
502
1334
724
828
546
457
894
2127
1555
1008
1145
730
1109
825
692
911
945
784
1409
677
1281
1249
2876
1294
485
876
604
1096
1035
707
1638
1026
1188
1493
579
1428
440
2619
1122
1115
1284
1792
1135
1444
972
1539
1206
674
1101
2515
1543
1378
1453
78
1496
1414
1206
825
1795
1444
594
1251
3350
1615
8807
1322
1783
1798
843
1017
596
7098
1334
1261
1365
2890
994
1145
766
986
1245
1503
265
1320
361
750
873
720
1454
8184
961
1264
1677
618
2049
916
146
1356
765
1566
1488
918
1456
14567
1727
1658
912
3150
311
560
982
955
606
835
362
624
1124
1562
819
1257
222
1990
1258
1312
1001
1188
324
502
2199
1266
9527
1132
933
1952
744
2034
248
481
1073
1220
1961
15564
633
763
1463
1128
1761
1025
796
819
1579
968
1723
1609
1381
1174
538
1332
1051
903
7595
1552
645
1308
1716
1552
15023
514
2111
814
674
890
302
956
1095
1919
834
1549
655
2201
1676
1548
109
682
394
1568
868
688
410
168
1220
1304
937
750
1276
940
690
570
824
1150
1338
1338
710
884
1901
1690
921
1399
7613
1514
608
1720
628
1304
828
612
1382
1495
711
1239
1116
1763
2046
1138
687
1460
2011
911
1256
921
1771
1013
1273
2015
1061
2009
352
734
416
769
1252
934
7372
1298
350
2439
1182
1225
1219
745
1113
735
754
957
654
1389
2127
260
302
7670
427
1234
1509
1577
2211
1488
587
1149
1148
1569
162
987
1300
1334
540
332
1241
1412
2021
1183
233
1364
633
742
7639
566
1667
1194
1280
1609
1822
735
1054
3473
1447
1946
668
1302
811
652
880
7580
1460
1222
1749
1192
531
1987
821
558
832
1267
2002
1191
415
902
556
1859
1795
941
1139
430
1165
1577
281
610
781
385
1367
352
455
408
229
739
1060
1403
1420
891
1375
13359
1002
606
2005
1411
543
1007
1191
1545
596
1858
1066
150
794
161
567
1268
1953
1782
572
545
2283
1966
611
405
1207
990
668
999
1021
1199
945
677
614
1248
1383
914
60
1726
1892
1083
763
423
1820
955
1321
6859
1651
977
984
559
963
940
576
1140
255
557
1582
1259
2807
369
768
1552
1078
651
935
1257
1167
1478
1971
1531
1781
2233
1183
1382
1794
803
343
1302
1973
1462
1580
945
1768
369
666
1061
664
536
1842
602
1594
972
578
2262
1287
399
774
844
878
719
1433
1880
1269
564
461
589
589
726
1840
856
863
1045
2345
1529
992
435
320
3011
2145
1835
732
718
14591
7148
1749
392
954
800
1085
476
1218
345
1135
547
495
158
437
2660
1530
479
1182
873
1578
1110
1523
610
888
784
1717
1453
1585
421
941
1089
351
1254
144
884
10464
526
2039
1152
1795
1113
610
768
1067
891
809
616
345
1326
998
772
451
1089
1262
681
855
1017
1335
349
1168
2650
531
831
1816
688
1066
820
1226
157
1560
1774
1089
1207
498
1778
138
644
1101
644
804
1074
1314
672
558
940
1140
1816
1160
6905
1052
242
490
2351
1305
1134
377
531
538
959
492
1427
677
922
678
281
981
1879
1550
1913
419
1314
9493
1282
1053
943
946
848
455
987
1171
8621
2247
1279
2041
792
1433
901
490
852
1064
273
2980
640
1653
1329
943
556
262
1762
1085
558
256
1041
1145
653
401
1212
1524
241
1538
1289
560
1387
1925
1027
1243
1325
1451
1073
799
1934
1758
586
942
520
1825
2743
1335
1026
10245
1154
1109
783
1131
1035
232
1370
1354
678
751
617
890
3487
867
854
693
173
1461
542
898
585
1702
357
1628
982
935
1157
1152
738
1723
913
1333
1572
1470
1408
1664
636
14198
830
321
656
581
855
285
203
1257
952
623
279
204
817
529
546
400
1223
1095
425
849
1826
1802
1609
593
829
1026
2366
8156
1590
695
1303
1727
923
16105
782
567
1017
1011
836
130
320
1479
750
1686
557
9991
1582
653
1780
350
1153
1514
820
718
1369
1029
793
973
1169
1449
9291
416
1218
7247
521
763
1580
342
919
2001
947
855
1023
603
570
1012
1702
1702
2670
1012
1120
1346
1015
706
963
1856
984
894
1582
1964
1099
2383
1117
1588
496
2084
2532
212
1587
932
1175
7906
1868
1255
910
654
1912
1271
651
762
1933
957
609
1431
1963
1319
1005
2601
1127
907
533
666
1235
280
1812
2263
829
1293
334
1436
513
1632
1201
1178
1090
567
244
810
2010
1597
1075
537
1637
13638
1429
1440
673
643
551
1282
1051
780
899
1364
1146
1129
7129
841
1112
1070
867
1799
734
1519
1983
1274
1518
1055
1138
209
878
2099
1509
812
536
552
1903
646
145
1136
837
1079
1477
854
931
556
757
1320
15984
741
995
442
1181
840
1078
1178
14183
2579
996
763
830
1064
1319
346
2046
360
16645
1726
2931
1075
694
1366
1016
624
1643
148
456
1532
398
603
739
553
410
1625
1499
1026
944
1525
805
347
2300
559
563
850
2312
7646
471
698
744
1262
402
223
1401
729
1556
2005
839
716
982
916
67
831
1647
817
852
555
530
1897
731
689
1832
528
1062
1111
2579
521
1073
1210
1406
2392
853
997
898
186
247
14718
429
263
1117
1436
522
1196
566
1698
5515
1866
392
1127
892
296
1195
1384
2090
2666
941
1859
222
1335
1107
1971
1131
1325
492
360
1004
1656
1180
1035
2662
1597
1991
676
1603
1896
132
631
665
1401
1396
374
422
1874
889
780
7222
2794
439
1021
1009
1137
1614
1236
4966
13535
170
831
999
1444
974
1269
941
1543
851
1070
1722
1216
1294
853
628
700
2031
16022
1057
483
1245
1464
763
1746
961
1292
1009
304
2287
866
1824
1073
6676
1015
805
1738
1151
956
855
12265
2094
2234
1056
1405
1441
747
1656
389
790
1975
1233
342
709
1085
1824
1733
246
754
2609
1136
1056
979
1052
1885
1455
267
802
684
561
1292
415
1692
649
1421
1541
1076
1643
1415
1045
1036
302
883
1114
725
571
146
2181
1977
752
802
1565
506
1567
3121
575
967
1689
525
234
769
1689
1412
222
1743
1062
319
2302
1095
1338
925
260
1305
780
1016
166
954
1134
1567
713
695
1020
1721
27
974
943
1671
973
302
1037
764
1470
1272
2457
1565
361
812
1233
442
1973
1954
906
750
824
204
483
870
1465
7916
1258
886
1299
1105
767
1435
892
98
869
2032
1346
518
1340
927
1667
2163
1208
223
958
1255
13425
1212
1691
1106
520
267
1850
1722
715
2164
1021
756
919
350
727
1876
1163
476
935
432
1625
1398
255
881
1576
877
1530
632
1334
1227
1271
1066
590
353
797
1704
1841
354
976
1457
213
1196
1201
431
1497
884
1832
757
1277
1608
1545
271
11601
1375
1091
931
875
3752
477
1124
958
1194
854
431
9035
826
958
2289
728
493
1008
453
962
397
1034
705
343
1505
731
1825
852
1340
1122
1573
725
924
781
613
737
1204
2747
1116
1041
218
3567
1395
2094
1926
841
1263
1161
250
1006
702
1315
486
1441
907
1484
471
926
2026
1180
513
1720
441
529
1233
1152
1650
956
2366
647
439
835
1227
1283
1670
1384
1024
1714
1272
1249
2137
951
1573
1540
705
784
594
2475
3549
1225
2527
1532
489
583
1355
476
1194
425
640
1039
336
1266
1452
1111
1276
721
1596
397
737
1114
1403
1492
1093
79
916
2201
1861
585
571
868
1747
2261
844
1421
557
556
1423
525
1059
369
261
1223
1002
804
1394
912
1281
249
591
1371
464
1711
970
588
1114
890
7002
431
7654
775
1872
2156
1456
168
859
661
932
411
1036
1152
697
1031
1290
523
2271
464
857
712
769
764
329
3081
680
1169
1252
154
2003
1461
1516
1298
1240
984
1422
653
288
1449
480
524
605
646
611
742
1073
285
1859
2429
1421
1461
1990
375
740
264
1188
1643
625
3118
1169
8002
595
856
606
680
498
392
1333
494
680
818
1488
1469
563
3769
723
2799
751
979
1851
1396
1334
1796
583
1142
660
1619
1221
572
1287
838
2415
1888
1451
1787
371
897
1147
680
1241
1145
1271
835
543
1212
657
6647
1139
350
138
791
814
1436
945
198
16034
266
1244
1614
1209
9846
648
1630
1686
1678
313
1452
814
1165
1953
508
720
1446
1317
1483
1535
1290
518
7891
835
1855
1064
1708
7559
932
2013
819
1161
1364
936
987
724
404
794
297
819
869
87
1336
2748
797
1214
850
1119
489
3585
1372
770
1091
1691
2253
707
1471
419
892
500
875
1258
2229
1042
776
1135
658
35
1307
3752
1489
435
331
806
2013
2105
947
1471
1251
915
840
1429
584
186
240
6389
1189
843
7908
2022
1499
793
197
1992
2217
2756
158
1378
922
666
1172
1595
938
519
1117
628
462
1176
2290
2688
1133
414
2283
96
921
1051
809
2091
13679
1547
1720
2608
2450
811
1460
378
624
2165
373
403
1356
2780
303
117
2269
1739
558
421
10082
1082
1420
1107
1451
287
1618
311
819
1040
937
529
659
1630
740
1287
389
12658
1382
1621
842
7658
1693
692
1058
559
7056
1790
145
392
1985
904
460
1568
1089
1128
1098
271
769
863
8982
165
546
1220
962
639
1435
2944
2855
1511
320
834
1544
1268
1479
1821
683
1784
418
811
109
576
762
1175
1090
770
1341
1309
1627
652
560
878
1292
1055
148
649
910
387
1413
503
313
1128
488
762
866
1301
1425
1118
1389
2307
1522
1922
2231
1442
764
425
774
2130
2059
937
1577
1618
682
485
1727
155
1295
1346
1150
652
956
966
1701
1541
1189
784
1118
225
212
287
607
442
835
1202
1186
1090
799
1690
1479
856
1348
1733
872
292
1246
1424
610
1560
164
948
1229
1246
614
633
1328
771
1340
817
1008
867
10269
1916
977
1442
552
1651
935
523
752
959
934
1598
1696
2335
930
1262
3198
2968
437
1510
579
1818
972
579
2354
2511
162
540
1941
405
579
434
1178
1185
1277
1319
1731
1256
768
2353
1137
946
1526
1850
1115
2309
1785
480
13781
1760
668
701
1059
1013
630
778
1318
1624
1159
965
1159
2345
928
662
1057
502
2776
1335
1306
15082
328
854
1205
436
281
2211
1156
219
426
1708
1630
883
76
733
698
312
718
10046
657
2729
678
311
1102
727
395
1048
867
1051
625
1375
1516
1347
1163
1837
1272
783
1242
1447
1269
1254
842
536
1629
620
913
269
1245
10402
1441
552
1812
1427
1372
8510
1119
368
826
756
1468
2233
818
148
343
1936
1234
265
576
385
1448
1365
812
1466
2256
1634
2624
604
1611
8022
663
1294
1042
1301
1508
1138
846
153
13985
666
974
2478
1555
434
929
13345
2199
1113
975
275
880
1035
988
1187
637
327
835
719
876
492
2164
344
919
547
422
595
1009
1979
910
842
1573
1688
1460
1731
339
855
2113
1292
1131
1850
2175
1476
420
1277
2799
3047
777
9441
808
470
1916
1413
765
2089
1855
1225
4709
418
279
10078
8752
623
1007
675
285
1345
799
395
1030
1603
1371
922
1075
2040
1121
133
672
584
730
1660
7090
1403
1918
635
2196
339
1382
1483
1759
1339
3000
2010
1926
2203
970
586
993
972
776
1561
1403
1209
3483
1618
784
1177
2381
1049
679
2220
1380
10889
269
910
928
1214
835
1291
3823
1081
733
234
1537
344
1772
2897
1019
1515
659
2372
1773
555
381
1279
1128
817
1083
267
866
1565
1017
1321
1556
1353
713
1615
50
1262
1093
813
344
656
603
1280
502
1050
1950
411
666
834
2565
2129
1362
759
1348
271
458
852
455
1138
835
1413
855
1186
406
8151
1300
1182
8634
2067
1758
1000
975
1052
2467
347
1460
903
1076
1042
887
938
406
201
372
1793
1200
1071
1062
1970
1398
2193
98
1571
1498
344
999
1252
322
739
817
682
7988
83
1098
1567
1202
458
1511
1733
755
7587
169
424
277
850
341
539
1004
237
679
673
1085
709
986
701
489
450
2380
981
1727
2376
967
872
652
110
729
794
516
1257
1155
1632
888
1031
2354
1207
1662
1076
792
197
824
1393
1622
37
603
1142
1060
212
1668
1007
1545
615
739
948
412
517
1017
2421
1331
1253
823
663
99
788
161
987
1344
10713
757
619
903
1699
1325
1070
991
852
1057
659
1255
635
1400
305
457
1770
1203
1160
1091
388
2085
316
1775
830
594
875
370
2448
1349
1125
643
1487
722
1056
981
1199
1536
1020
1408
952
547
929
904
1517
1108
864
598
361
1188
2899
666
1067
1039
1964
1041
1404
712
584
397
1074
424
1212
975
1902
1220
553
1382
1610
2324
8465
629
398
1089
810
10712
1976
577
303
2053
591
1303
396
1055
1222
335
2864
125
1489
1608
327
14314
1111
1491
1348
102
933
955
887
939
656
301
493
227
1399
569
1560
2258
136
443
709
671
6768
1357
239
1978
3438
1089
1743
671
488
837
2502
626
1316
1296
219
1392
333
4241
1327
369
2450
1944
9135
1368
1745
1405
1780
353
1079
846
2005
1260
1737
515
1740
799
2443
462
811
1295
1424
1300
1015
932
1400
1061
375
1075
808
795
935
1124
2414
567
504
365
982
567
582
1975
1314
246
545
842
1245
1052
1251
1035
1220
1150
677
1400
1189
1922
2035
1841
661
872
921
2182
1561
323
380
953
860
1354
1418
2287
1402
811
9077
962
1795
1467
1399
471
1737
923
788
1535
1486
1093
1650
811
1874
855
1650
192
819
1433
1288
1302
173
478
1593
992
1089
1116
1334
1000
1133
1463
608
608
2011
1639
1825
2016
1424
2331
762
422
235
2854
1312
1185
1247
302
298
540
727
1093
588
2562
1126
1232
933
506
1012
591
1455
994
756
780
1184
371
1767
2020
453
1452
1236
1442
1585
601
1827
872
2485
484
444
478
912
813
1604
1350
583
489
1564
531
812
473
1916
718
1510
1856
1341
392
924
1875
1103
685
1497
1197
1512
2041
1187
1082
1320
1363
539
321
232
2359
774
1058
1648
327
1190
2537
1197
761
1550
183
608
1806
1019
942
331
849
419
973
951
1240
833
335
1417
948
1750
2265
509
172
827
1047
1326
1902
578
711
1327
736
1830
663
871
905
798
791
1187
328
1109
951
245
464
1300
1013
456
8272
1211
595
532
489
1077
489
938
1379
1100
1196
738
225
1610
723
255
7155
489
401
2170
6769
1304
204
989
7423
1331
334
1206
8081
575
635
1158
1511
663
1471
1033
2550
611
1358
1689
1167
682
432
1358
1697
401
879
250
1574
330
1390
6081
1164
1025
1462
1011
570
1711
811
633
3211
1421
1160
1676
1383
1630
1322
1133
821
1026
1230
631
2329
328
1107
415
272
707
1842
1803
1666
386
627
860
1870
1118
1361
1152
1025
3593
547
870
197
945
1201
558
1079
700
202
619
1635
991
1251
1541
2384
1215
774
93
1235
580
10888
2258
993
481
1977
1325
8318
721
2779
8588
1169
626
1402
787
722
1139
1382
708
842
1082
1674
1702
1890
441
2633
1745
696
2444
1944
164
1288
1612
1182
223
632
684
1407
862
1099
3485
408
273
1118
812
1158
582
439
467
676
434
1210
454
989
1015
2531
215
7811
1648
11461
2317
14033
1162
998
446
2213
2269
1126
274
1332
905
1440
1938
9190
140
672
857
498
1073
745
1265
692
2290
2341
1885
1072
1683
637
721
825
2507
558
878
1254
629
1109
1048
1983
824
538
1747
1841
459
788
764
316
1254
677
233
182
7901
643
241
3669
668
875
436
928
8746
1086
2119
394
1422
946
329
254
1018
1122
1210
1470
1270
677
1430
320
378
450
351
890
1703
847
650
1384
422
373
1079
545
1288
12013
509
2981
888
1696
666
1494
424
1038
426
778
1113
1947
1489
726
2025
2111
600
566
930
1443
727
963
2599
564
1084
779
1952
420
1694
515
7722
781
861
837
1128
810
820
1286
170
348
375
1840
1596
457
1030
1655
6926
1153
1082
758
1587
767
1010
1056
1570
630
1537
1241
973
358
318
164
975
1012
1477
1226
1855
1692
1380
582
1148
3440
1046
488
1113
509
153
1616
2314
1119
839
1460
1159
794
491
474
7367
1396
11091
1159
1708
1164
791
1145
932
567
1104
972
1236
1734
1172
1171
646
765
499
622
1157
160
1495
664
1484
374
213
1338
1752
1127
392
1275
306
837
1748
9464
1276
385
457
1186
146
810
1277
1827
652
1013
925
1440
1001
1290
553
818
526
1331
2264
204
1148
1255
614
243
1708
1482
573
551
1070
2434
1087
737
1544
1188
577
1436
1656
7472
879
576
1462
686
1531
750
1097
903
907
2304
922
284
1794
478
586
1193
941
1693
8142
730
767
514
72
1093
370
869
2383
899
958
1218
1420
523
723
1845
1547
1891
1241
915
961
1352
1678
1339
734
1614
1597
2278
658
681
1289
1170
1699
1059
1133
776
2151
1700
2300
854
418
1111
600
1706
663
793
1033
72
608
1215
1048
208
1821
204
703
699
601
11449
466
144
16467
783
642
1628
497
485
2302
247
506
452
127
1495
1769
783
2845
2263
1745
244
574
1562
312
1117
9883
2083
1731
968
966
2094
1866
1254
1321
633
1059
10285
2375
732
1712
214
1019
1455
4441
34
7687
934
1827
140
1330
319
1906
1126
1643
346
1145
320
1417
922
1484
724
1886
271
1054
1760
1113
852
570
487
1778
2051
698
427
258
259
7842
628
274
860
1348
583
504
1074
1528
1875
358
554
828
344
373
613
1196
636
1001
15813
693
438
193
1019
926
309
614
755
366
619
2075
1266
1856
1575
430
443
1131
524
1313
742
425
626
541
1181
666
2186
1323
1463
157
466
748
506
389
887
465
743
1475
2087
1267
689
1191
1377
644
1716
1440
451
1550
561
2196
1369
1250
2201
1632
13046
1516
665
1109
1059
720
1395
5252
7454
2273
474
1792
1859
813
542
1582
1171
237
314
627
1189
1038
1178
1129
1539
610
1455
1459
377
501
1603
1612
1683
1144
1099
1325
1556
461
898
678
727
867
1321
1616
1240
342
740
939
1062
1251
1950
1913
644
1014
1302
1269
1072
1332
540
2155
1430
974
1436
990
1204
641
740
2067
384
1639
1140
1025
271
1041
884
1238
1753
1323
1261
1770
2007
973
840
1374
660
563
259
575
663
1234
1294
886
625
1101
1177
988
408
937
791
356
856
659
680
1186
1109
662
1113
1445
1336
356
806
1233
1611
1418
868
909
788
914
9867
256
385
1960
1354
2080
601
1551
8576
722
433
1404
14158
2064
680
806
702
316
687
1195
536
1860
660
767
959
1479
723
728
1462
1358
405
1314
13857
1292
643
1824
1172
835
1360
1754
1311
1067
1032
770
1755
1183
1166
1407
1128
1387
1042
515
589
334
213
1093
1173
1182
1406
1504
394
1017
1178
848
998
2099
753
1334
574
100
894
1436
447
1289
908
2430
996
1628
8811
2045
1098
2412
2461
853
1128
1006
767
1413
2510
758
463
826
1590
1994
1015
1120
425
1405
869
2041
1368
523
1702
635
437
2108
383
1486
1296
2261
2354
891
2025
881
1361
1599
381
1803
556
1679
422
393
1693
672
266
1444
1410
1246
407
868
657
1304
511
1112
1181
825
118
770
2145
1908
877
279
1377
1316
1190
574
201
1039
1004
1088
237
976
2019
357
423
785
1426
687
1120
1024
821
798
1652
1937
1812
1067
763
12635
680
792
1516
947
1008
1698
812
949
886
1371
1526
1529
711
668
1613
586
1043
385
3590
519
1186
1684
265
1859
592
776
300
7131
2431
175
1384
1375
179
1925
736
933
727
1107
1025
399
771
1525
625
600
431
1992
517
466
589
486
291
773
1402
760
5484
1422
411
1515
1092
1185
1730
948
331
984
1070
338
1625
1965
2796
2840
754
1500
787
995
502
508
628
617
679
1683
3032
482
313
594
830
1271
1101
1231
631
1483
2780
625
664
1814
661
1773
269
1248
2482
1940
1439
439
715
1897
1273
8071
993
2026
584
1090
502
1563
1147
1578
956
903
2317
2220
1397
2024
1709
2098
1170
2087
376
1093
292
1146
789
545
1241
882
1218
833
1416
1187
1234
1133
1941
1394
626
415
690
1299
8320
688
1804
1543
1164
1989
2406
1514
1422
1738
1131
2723
1534
1891
1005
1231
782
647
357
1057
2054
862
706
2047
627
1441
807
387
224
1366
1554
1113
718
2076
1398
631
251
668
1235
1032
468
1942
296
1308
471
1390
1117
607
655
1155
431
207
933
425
1405
2099
959
1063
848
1609
1652
1323
1261
646
893
820
2602
446
992
971
12189
411
902
8326
957
964
1024
392
232
1371
841
672
892
1005
895
387
1884
703
920
1030
1913
881
1460
697
1743
906
1005
383
1166
1772
1763
1035
203
1210
1792
514
466
8758
2105
13933
1576
1181
1082
1666
1409
1635
776
316
1673
339
1600
1056
1419
1000
1337
1339
438
2731
989
1336
1202
1846
981
797
1590
1595
906
963
1915
527
485
822
9232
756
428
1467
1662
1867
416
1597
796
670
505
732
699
449
1022
523
897
1373
1645
1759
2385
566
295
1576
852
457
975
1767
1253
1049
445
1284
1044
1095
729
360
1413
1108
1325
384
8570
446
737
2135
2354
507
1421
782
2178
6229
1514
642
276
121
572
341
182
2108
974
1460
6990
755
622
847
1199
8959
1258
1845
1286
1454
1002
948
206
692
662
698
2580
1385
602
206
2304
229
897
1150
2099
1133
1369
595
952
1109
1434
2167
670
474
649
1783
901
1601
793
1352
446
679
1573
1042
756
1344
1000
272
2137
1524
1171
1369
1291
1793
769
1377
484
1234
894
1311
1355
1460
2155
907
1818
1527
2215
1159
395
142
889
1384
920
2795
717
1457
8451
1548
900
1806
1945
1336
895
705
824
2232
840
1707
1419
1945
882
1864
944
904
707
1116
2269
1120
1180
487
507
1557
621
1540
979
1029
3271
1056
529
1083
1939
1549
697
1290
1428
1141
1393
1470
789
857
1998
1082
364
1003
567
1208
927
1027
1028
395
1404
1022
2409
919
1258
1242
841
1094
2402
1257
252
1242
531
454
2227
994
697
172
3025
645
812
1397
967
430
516
679
895
1552
834
2076
1289
2167
428
1583
1487
1846
893
1034
506
6134
1154
593
1291
600
1528
1083
1612
1228
1239
835
1306
1268
894
1357
348
1720
1027
1021
1385
1899
1832
2080
563
413
984
664
384
830
1117
1100
1421
738
825
2097
791
869
748
7792
922
2069
776
516
1541
1214
1311
887
972
720
791
1013
1287
1914
432
909
995
393
769
430
1775
2276
588
1089
1031
251
1088
570
1968
1515
2170
1914
3024
392
1967
1516
744
243
1724
1682
2480
277
1346
617
1306
844
1339
2283
1464
1825
1302
696
1001
1683
1005
1279
1119
930
958
1664
644
2096
518
1504
1255
655
1845
708
734
1602
2348
1067
494
383
1076
865
854
2479
1393
370
1119
1045
609
2314
934
643
575
1963
481
1152
811
1038
950
406
778
952
1941
1111
520
920
442
907
2155
936
968
9364
2011
661
1511
923
3207
550
1407
941
1856
1326
1424
1886
1051
1502
441
688
14004
1139
698
848
1043
1865
2585
2122
576
1414
1444
3939
514
997
1461
1300
4556
2012
380
749
329
665
1352
1118
264
1248
945
1254
1046
1078
1281
1924
1040
576
1346
504
534
426
1467
294
1096
428
1259
1399
63
253
1737
2696
450
1496
1206
2464
1272
412
928
405
1107
1551
1729
1572
948
831
801
113
1058
10127
8124
1265
1270
429
1308
199
7091
1476
1624
1210
7424
1775
739
15758
13029
623
6981
832
1036
946
678
623
14232
1156
1223
1961
1149
129
2268
1075
179
881
225
513
1228
1742
1566
1105
440
639
1788
1541
576
906
1419
1471
2210
710
730
7916
1649
1345
1007
925
1211
885
518
141
728
1414
463
72
8384
1750
613
798
1669
707
1400
1371
10497
725
1509
1546
1046
1250
618
1683
570
956
929
327
1377
432
1721
1275
844
1624
550
1075
1561
2329
739
1875
838
1232
1412
1719
585
640
1099
1241
279
2309
700
1455
1928
2896
1025
1549
498
773
1100
464
612
668
1384
989
1575
709
1643
8406
500
709
1382
1047
750
1312
429
1179
1863
661
1067
1764
553
1893
436
1223
995
1361
734
725
466
1533
1438
2202
117
1805
1313
1302
1129
911
1394
634
307
2148
1653
499
2105
937
3058
865
1338
1590
1829
1368
1299
705
837
541
803
762
1453
1357
7598
592
1435
1685
1130
1362
787
2842
1021
1988
1056
1535
1760
754
1463
2084
436
1799
1210
453
267
1133
1476
173
604
933
1415
2112
598
1404
2027
962
861
1134
941
1431
278
1147
788
349
1143
1609
797
954
744
1151
662
12241
1491
601
669
464
389
106
2499
1590
587
2672
1212
1223
1160
794
699
1104
2992
3216
469
717
959
1630
736
1820
470
609
2049
1058
521
1585
1218
2649
688
1488
1974
2227
778
1694
1667
1222
949
1208
793
684
1215
539
906
7435
1840
830
1611
1344
1506
2024
2214
470
1914
1611
1576
1355
1680
10004
693
646
1052
2018
834
944
2018
861
1115
1540
928
1552
1058
722
1188
1239
1205
749
189
984
416
2016
723
1326
839
1030
1405
731
1437
1723
636
1261
863
850
1711
683
598
350
1786
662
2593
1134
699
118
1986
2324
490
1539
1821
1334
1467
1189
670
1853
385
641
1498
517
1932
1324
1373
1203
1006
369
232
1275
3261
2270
13198
2082
1494
1364
1685
841
2170
189
63
765
1128
649
2394
300
1576
1017
1036
73
832
2091
404
1533
1025
1159
192
1153
381
2283
1896
1580
788
585
839
1157
1644
1030
1031
271
1128
672
495
2091
1683
457
2397
223
995
1202
1108
642
1770
1063
860
499
571
1166
11670
1084
856
1421
1924
2681
530
1779
818
1069
2106
1034
1524
261
1027
566
1229
300
121
1025
2321
567
2103
391
750
1391
8217
937
1678
1199
770
1242
1766
1617
957
1704
1166
968
491
1953
1484
1071
990
1605
1107
620
667
1684
210
1492
1533
864
731
2353
1754
1373
885
763
1393
375
416
586
536
227
3090
884
707
825
1556
479
1201
524
1141
552
1071
1688
692
848
788
1211
172
229
1077
1330
830
1935
8270
1167
1829
1192
1050
1094
265
1863
890
958
1708
1233
1590
826
2267
1058
520
2298
1502
1574
682
2350
716
433
1017
291
620
535
668
317
214
604
2027
176
347
1018
3032
482
1810
892
1486
311
463
1238
495
307
2402
941
1620
1499
1496
2261
8376
1473
14726
2235
694
2453
2482
690
1439
389
1018
1492
14125
553
1490
1428
1268
507
366
919
1412
2046
1435
1027
1103
2149
2582
834
1978
13757
1514
121
2495
2897
741
1774
810
166
978
1276
1296
130
1218
882
1264
2251
1468
1921
1866
2071
999
1602
1883
589
1048
506
1199
1569
1050
576
1642
1682
1216
1426
128
1549
2370
1786
7544
686
520
662
477
1091
917
383
8432
201
842
1524
1006
1638
2168
446
585
4228
1008
1724
1670
953
1020
1357
2501
697
318
7458
1589
1044
837
2153
1145
2001
1480
1808
653
931
1167
2263
518
1243
1184
1362
1361
719
258
1796
1509
646
1612
1700
377
706
877
627
632
394
738
716
756
2002
2160
703
2849
1138
1012
988
536
489
1236
1191
413
714
1409
767
844
723
1184
1743
1202
706
3049
849
717
857
1734
1469
491
1345
906
1765
567
1588
1376
1778
1510
1976
1488
693
1244
944
576
13542
1826
1440
274
417
653
2507
340
1893
587
1260
868
1013
1972
627
1055
619
232
89
193
728
449
706
1035
798
729
334
641
695
799
1084
1740
593
602
1510
1116
1243
319
2178
1870
995
1273
1040
1513
595
975
729
525
686
2357
1291
775
711
317
2331
851
317
267
6134
6440
943
568
352
421
441
1279
1304
13116
391
1799
1380
212
791
1357
955
1714
2567
516
441
1536
1457
721
1514
1790
603
842
735
1518
761
1306
628
499
853
426
420
588
1477
564
759
776
684
1357
1331
201
1404
939
1562
1961
2068
1753
458
325
887
449
556
2685
1166
823
581
1260
380
884
821
859
701
456
1210
1631
727
789
645
1812
662
1475
1481
866
1563
1496
1347
2610
873
652
166
436
1985
1204
1379
227
7913
826
434
436
846
756
1620
683
274
711
517
2228
860
1144
1320
1200
2185
1190
996
678
366
2849
558
371
504
1450
967
307
615
734
1129
965
1075
708
1842
1281
841
336
492
1566
1404
1381
377
1565
351
9284
1640
613
874
1214
2057
757
1328
1853
518
2216
538
1461
1211
166
2135
1524
681
1023
1375
1411
664
1518
988
1217
2483
246
464
2048
939
264
2475
2530
8398
3019
2517
639
441
1707
740
484
446
1107
1376
620
651
1226
395
1168
1537
1298
288
968
1414
732
261
1638
1603
706
1243
225
904
982
1287
393
532
1392
1698
1471
1089
1248
725
1277
314
1217
1072
1155
279
948
1397
974
8428
1212
1440
701
1026
2169
1902
921
627
1033
637
337
1681
938
1870
611
1458
1169
1306
1210
1005
811
461
1087
1164
954
649
158
2652
1234
908
1345
229
959
1679
2356
183
445
322
1583
1729
836
554
618
1085
1447
709
793
702
1305
1362
1197
680
13714
1888
8105
841
1286
508
1825
2025
1029
276
1688
759
10599
409
1205
1406
971
585
1564
953
1040
592
652
1822
2076
1272
726
696
886
1204
891
1022
425
1176
1384
1260
638
2081
1600
1054
1872
910
624
2228
1409
1096
2044
605
9882
1480
103
1209
1468
1247
667
2375
1806
1372
1734
833
621
474
7872
392
1114
1775
935
1504
652
938
384
568
1014
935
751
2497
519
1796
504
490
1001
1802
1170
1089
2563
520
805
1325
1616
1800
711
684
351
1074
425
7627
8290
15331
368
496
3186
1336
1587
242
468
543
2534
557
1521
8916
715
709
1840
901
2062
378
832
1450
340
1033
380
1312
1082
1426
743
413
1082
733
655
1783
1621
483
777
2151
8589
674
976
2142
558
2308
2551
1449
551
920
1733
633
255
1068
506
1207
799
1477
1503
621
871
1185
407
808
757
592
1236
1732
905
2180
455
253
976
932
1144
1732
1127
931
601
1053
1189
426
1879
1065
1754
1564
1712
1759
1996
3751
505
2074
317
1956
1126
1135
1118
659
854
16046
596
554
948
1710
766
935
545
932
679
353
354
2468
1015
697
265
861
467
1641
1035
1371
16542
1321
1664
1192
554
263
1592
765
1516
394
440
308
3176
1002
1515
1772
551
1040
868
963
1311
1687
796
1701
996
1523
1015
403
1288
316
622
923
1669
828
802
983
933
759
1506
769
1908
1206
556
10564
851
539
1076
1420
2233
879
1726
681
698
2346
286
1127
737
8484
1593
1055
463
1315
1061
1387
1465
654
852
777
1656
1724
1253
979
763
694
143
518
677
1209
360
585
900
680
1249
1118
807
488
363
2318
1103
1877
1095
1352
1805
1269
465
839
273
779
14144
347
281
1187
2003
2162
878
795
1027
1546
622
565
1666
1014
320
1549
735
1996
1331
1463
858
7285
8122
554
465
641
1359
1675
748
861
8540
1079
718
1273
688
736
640
8520
1964
1193
776
1045
2102
1993
278
456
785
901
2554
941
1286
6584
862
722
4687
2002
1306
742
5209
341
813
1191
1657
1170
385
1413
764
1568
1757
692
768
581
1381
810
1552
474
1093
539
1140
760
301
450
404
1880
840
2036
542
292
1219
772
898
1286
810
268
982
1602
653
154
767
379
1350
1404
1132
949
940
1278
748
5895
14202
1236
761
1649
1471
2115
880
829
509
344
878
10054
967
1489
124
1400
417
1882
578
1520
7699
809
1127
1130
1540
7100
1348
1357
1407
871
339
8800
565
1230
1733
16898
715
710
322
1359
167
352
416
1812
1132
1639
1325
408
273
8199
2986
993
906
585
935
1473
793
1774
769
912
489
1409
388
1448
2004
1656
342
805
2288
844
1378
1661
340
7816
807
473
36
1960
2068
1284
1506
805
578
1683
599
1582
2596
1735
1706
8072
1198
1902
883
559
862
2522
844
1221
360
854
1292
2750
2103
1972
546
374
663
927
273
545
561
1099
451
1766
841
486
310
742
1058
571
1408
594
1742
1966
1777
1523
762
1321
2301
775
1494
325
966
429
298
630
622
852
662
148
461
781
12150
727
1561
515
1983
571
13810
550
796
1182
1620
892
918
1782
1506
1104
1163
756
464
158
1051
614
1153
199
2389
3753
2075
333
670
404
922
1049
1315
358
2681
1799
494
685
9854
1528
1121
158
550
784
761
362
8701
1273
1739
918
1190
1178
1812
988
1169
2016
913
13719
1565
1490
2291
845
730
974
613
815
577
1028
1850
970
931
907
1017
969
933
2173
1276
517
665
886
7039
717
1812
2142
1807
665
1104
2717
1759
763
1350
962
1425
1508
1245
808
1881
1769
1598
994
1142
1112
1198
11262
2143
2334
255
1535
723
7864
501
1317
855
1917
205
1162
764
804
1314
777
861
661
1312
438
1903
1544
1019
515
2264
503
1588
1620
2047
600
1305
1324
2091
433
2241
995
349
14894
718
1407
1286
1930
656
1290
334
593
1210
736
1461
853
1297
868
1473
1175
1951
1071
1101
1474
855
140
1055
417
1578
1519
1207
1845
609
725
1739
640
1539
114
902
525
2283
1521
296
1423
1768
1184
887
8463
827
1414
1508
912
695
648
2647
1857
1072
881
2339
689
9511
689
1792
238
755
2353
7531
596
722
2007
700
2096
900
1091
950
1857
1677
1289
663
321
1350
1131
480
1012
982
1090
1467
1420
1199
1399
626
11825
182
804
1174
994
8347
926
1848
541
1477
588
2288
2018
698
107
321
286
646
494
1154
216
764
1049
554
1100
701
1490
887
775
1183
639
2707
1961
557
439
266
1021
844
1651
1014
2378
135
1288
1181
952
736
1637
950
632
1121
2490
140
867
618
1067
1819
711
653
6806
1155
1256
90
1099
1442
352
708
769
1186
1525
404
698
1147
1078
831
1752
1055
1211
1147
1283
434
1677
1072
440
885
701
973
429
3291
1527
242
715
1020
683
1071
1565
2253
284
819
1338
1515
1712
706
1294
462
804
9855
225
1635
839
7650
409
861
1027
1521
1300
1410
483
737
797
1421
2108
177
1860
1354
848
2392
2066
1280
909
1095
1881
297
7096
973
920
440
2533
1259
1286
1376
971
1280
879
2162
16233
376
488
1277
2199
854
1385
428
1467
2379
971
1051
1431
528
1665
615
571
687
543
570
1354
714
1143
2285
8180
828
574
367
427
657
1656
1222
1222
224
718
1134
728
922
1727
901
2106
1657
8258
957
1315
1278
1653
499
1326
2340
872
1238
7040
987
378
473
1562
74
1793
1329
890
1712
1767
1320
170
352
1310
826
1517
1184
982
1453
1181
1292
597
1665
1772
396
1055
1004
2695
2047
751
2346
1387
673
587
2324
195
1062
2359
906
1096
920
620
713
551
696
187
7572
2330
430
858
1167
849
1281
743
1166
1681
1138
1233
678
501
1961
298
1585
1719
1491
495
554
705
778
2715
12696
1339
2470
665
400
391
2192
1364
490
2263
1569
1468
1393
480
957
1921
422
13292
579
1011
420
814
457
1254
1657
403
1585
782
2186
742
505
2927
660
1651
781
821
1900
1399
239
1576
6834
261
1787
1049
1839
719
740
212
2939
735
1762
1380
542
1031
463
1354
1235
547
812
754
380
833
1019
484
849
174
1166
474
2924
610
1264
1182
567
544
178
364
1258
709
877
1467
715
758
1929
1164
1052
1840
852
1670
574
1277
1189
1498
272
527
1320
241
1705
245
401
1790
393
1130
2369
673
711
721
952
386
1423
1008
1087
1624
630
8891
331
821
934
1866
2341
1167
973
10236
1194
1843
1242
253
840
748
1557
2800
1870
1866
996
2245
1056
1402
1626
584
636
553
744
479
443
1247
2043
558
876
1677
344
957
1133
672
520
1646
537
1186
16608
352
1226
2093
1871
356
1390
639
1138
112
1889
1148
2127
2128
1041
1005
424
2455
3402
1309
1324
1456
1712
404
2185
732
9743
2066
496
700
969
1334
1263
1385
89
529
1181
1132
1219
1179
277
557
534
1457
1292
1305
424
1342
1356
2163
1196
2367
1258
825
1528
855
793
1760
673
1137
973
1083
796
3234
985
1846
1242
1507
1419
675
2242
1786
1228
1211
222
1489
11242
1794
687
12579
1170
465
783
467
1110
746
829
1192
709
1033
419
560
2214
770
612
1328
1291
157
1549
2661
682
839
1347
7718
1641
1306
1010
2031
1630
1007
820
182
1591
2647
2002
1868
1263
1746
1320
574
696
2411
1152
635
666
693
1410
1375
1427
2123
2049
1089
1577
567
514
298
821
858
1517
1031
748
604
851
1342
494
304
2868
1648
280
822
481
350
1252
1173
748
626
720
1335
1055
446
1456
1126
1930
815
1397
255
1144
2131
1355
705
2919
491
1029
502
792
8667
773
912
1168
674
1043
826
1133
1714
1593
1578
1561
1499
533
697
1189
1457
642
968
1100
6924
763
1111
280
1453
572
184
841
2224
1616
1424
3485
630
833
1077
1542
915
179
1436
1772
441
592
1180
1018
556
1673
1809
939
784
1379
629
1162
909
401
1000
720
1940
1623
1198
315
341
890
1712
905
1119
505
1536
1637
604
1943
988
2079
363
1407
1123
1188
1116
57
729
1921
801
1396
166
928
862
1280
514
1250
2282
469
1270
2010
690
1074
947
921
1080
115
1257
1111
595
1411
767
1431
1735
1206
1789
1828
1163
325
1446
885
1096
518
1195
1012
472
700
2284
116
1511
1104
136
1621
1728
653
1078
1487
49
102
1319
258
1694
928
1421
1015
1805
605
1127
770
1026
584
336
664
4246
422
1029
1798
995
1212
922
7765
1019
618
1131
1210
712
403
146
1877
749
15324
1831
1849
1801
437
2262
348
931
7294
815
1247
540
381
1534
99
8776
1157
1182
2232
382
1061
1204
1594
1282
1234
1540
493
1105
194
797
795
184
1220
11873
248
1389
4504
1065
1029
916
217
503
8355
2541
533
1231
1705
1480
1046
694
744
1577
1262
1027
526
1468
1745
2005
211
1788
1590
1516
941
951
501
221
549
268
925
2663
1713
493
619
911
201
642
254
1192
1499
773
1169
142
496
1037
682
265
189
1126
1159
1341
1516
477
611
524
1418
1359
1243
745
2472
1344
1351
870
1488
1722
2018
921
583
14399
974
1687
931
198
727
819
638
1561
3047
850
737
877
633
156
1111
524
1282
353
1033
34
572
521
1216
1160
614
430
614
536
1144
1365
1422
1885
906
1951
1124
661
398
694
524
98
8150
409
396
772
1265
1230
559
2128
7401
1652
1308
3053
1122
1032
364
2076
11402
1274
1346
11463
1413
698
553
884
689
656
737
425
1677
1520
1135
533
1427
500
1564
427
1405
764
1166
855
974
1443
1357
846
1232
1086
1427
6862
1970
1073
1444
2283
373
726
1000
358
1710
1031
745
798
1033
693
12729
1428
562
483
1109
1189
647
2263
459
1292
612
1125
1416
1307
1019
8001
234
1335
786
2942
2839
513
898
574
821
1768
695
857
1037
287
1595
243
1545
1358
744
1489
2418
1016
524
1053
918
500
2687
959
976
708
2106
1799
1462
1884
623
12821
1570
450
1213
1840
1037
2340
617
1007
339
62
772
1536
1694
1703
1445
1666
925
1213
1518
1068
2085
1002
849
1610
1253
155
1691
1107
716
593
596
972
2007
988
877
942
823
1671
989
1259
331
1210
1189
1180
531
1511
359
550
839
506
1164
1033
1148
6512
1446
1066
2058
657
531
822
1833
2702
809
1653
730
15649
1828
1981
1404
838
2918
335
353
732
555
1991
602
1846
1226
1590
899
2041
680
866
1484
782
614
441
2278
1602
1102
360
1455
1065
895
345
1100
1365
1847
308
160
549
1304
318
2956
725
1381
741
1327
2097
2084
1832
1361
880
586
1934
317
224
1295
1234
1185
2349
1636
2051
2034
2609
807
1010
1386
1321
733
825
524
2351
1471
380
478
1337
751
1215
10953
807
14000
10028
1071
925
1539
785
831
921
2545
1035
687
1727
429
288
220
3426
621
265
319
1902
1396
936
849
720
1118
686
374
6137
1850
2434
684
1796
2166
731
834
1328
934
1537
140
1042
493
797
379
1303
2166
588
973
219
1093
360
942
809
7525
482
2628
543
626
1363
1034
1737
487
756
1475
1631
1348
337
658
1064
454
378
1290
1316
1135
1352
770
1643
970
9056
364
1244
1875
2804
4960
1255
1220
1158
1374
1282
2333
1335
1497
1687
427
1067
1251
1557
499
1179
1577
776
1255
1318
429
1063
2070
2234
563
328
161
2261
877
646
1013
679
1652
1337
1832
1958
908
123
581
526
1233
2307
784
1616
1024
905
870
99
1282
1104
781
1873
700
1679
1345
561
1397
597
337
981
2821
731
487
1460
953
339
338
703
1423
1129
1383
886
14453
691
1344
1527
711
634
1178
891
1405
1377
1121
516
417
725
1671
737
616
2279
970
1346
553
645
1451
271
859
1800
1639
1088
340
374
1402
1722
1948
1335
912
1542
1160
1539
1315
2001
1033
882
1168
392
597
756
1173
521
688
1482
348
1085
573
1037
1605
1177
936
1201
1744
1588
790
1035
750
1886
605
8280
982
524
904
786
1180
1288
943
1145
122
333
1071
1060
1906
395
487
735
363
93
1393
1189
296
487
977
1073
1661
432
357
1174
519
1567
343
955
972
1415
1157
209
742
259
1345
225
1033
845
2359
1383
2145
1991
889
507
831
1261
512
1746
1170
808
522
792
511
925
2042
1039
484
367
7636
702
8907
9270
2204
600
1275
8252
2050
2631
1072
553
196
878
1057
1262
384
1257
1708
1164
687
1696
809
599
1543
632
1282
902
901
1301
792
790
1135
959
1016
1278
702
988
14457
976
2720
1309
1017
558
1135
1449
1800
1004
711
1073
1375
415
2309
1157
1208
1418
625
850
1509
498
546
684
476
635
2033
1240
918
598
1042
624
970
133
1673
1757
767
1378
1003
692
242
212
850
930
885
315
1157
268
1046
1537
1107
1767
779
783
1591
809
165
323
1115
8056
1069
547
8194
821
948
625
1308
564
859
991
1078
1242
9157
8777
693
1166
1539
1479
924
1222
1170
605
877
521
181
3328
1224
1263
921
1865
11524
527
1542
1566
1974
936
524
1086
2181
882
817
380
1332
552
390
1960
559
1255
1221
887
1872
1739
1159
1093
220
1772
2317
720
548
547
882
314
799
1246
759
988
1090
231
922
595
650
7868
535
398
1364
1305
1118
794
710
411
282
921
268
562
1289
301
1092
1045
1409
3466
1100
752
1179
688
1231
840
663
1557
1298
462
1215
1481
6589
528
3505
1318
1700
1308
1147
1891
1370
1183
15535
1321
1192
2428
2408
1664
1333
1013
1117
474
823
915
2065
290
606
2100
312
285
1041
1929
1006
791
1044
789
11013
1600
1044
704
1237
911
4392
600
957
569
1418
974
1954
397
1877
675
832
1022
1429
992
2236
16377
1546
788
1519
1272
3017
87
623
1545
1715
811
9022
1034
219
944
3172
9167
738
454
752
1216
718
565
861
2569
982
8308
957
674
2074
1416
1195
457
828
672
673
1770
2397
1698
843
986
510
507
1690
2119
1024
9181
301
1473
1292
658
1327
1318
880
953
994
469
1379
686
2417
899
820
710
1684
630
3215
889
610
1009
766
904
1275
1420
640
1935
4873
1666
1370
1348
1400
724
2144
1792
1378
1872
174
501
901
994
1125
1280
599
1099
823
989
1687
2499
2759
255
577
271
479
1088
1545
2024
2227
595
295
837
2391
854
1686
629
825
340
1390
1066
2060
850
810
1340
1246
533
1103
206
762
1245
1080
486
698
791
512
2649
363
1145
1653
970
957
2155
536
1985
1388
153
1481
1869
1986
819
795
1517
1627
943
236
1182
1162
2103
1795
1429
1365
875
2469
1812
1166
719
625
1519
1053
1134
1094
1986
1152
1052
1424
1132
1436
608
1008
685
1215
1883
833
849
285
2411
2083
1150
1166
499
840
923
8058
572
755
306
1590
400
1232
1217
699
2469
828
665
983
805
797
1683
886
443
1161
994
1182
1872
477
1116
184
1453
665
49
1526
574
10559
663
729
1924
530
1161
870
279
1254
2743
410
867
2431
1262
2325
1044
1701
7137
1686
1005
1028
2588
1389
421
924
2130
860
3424
1450
1070
582
2616
1768
1768
999
1013
454
2036
1130
1132
9178
1392
1762
351
572
644
216
1780
850
1165
893
165
894
404
969
608
1100
1235
555
861
301
1848
912
200
1645
1868
979
1349
1276
1045
758
752
582
682
746
1649
163
893
1272
648
9601
2362
318
995
1294
498
545
2003
624
919
581
1274
1480
555
2356
1045
1307
1057
1506
1327
796
10656
365
1781
1487
1065
1654
975
1544
727
1740
1285
1051
2037
600
1024
1449
2533
966
415
1436
713
2194
676
1376
2429
1505
446
1065
1074
418
1007
950
1678
202
1102
704
994
1688
2112
1024
5921
2135
736
1153
10333
1658
597
460
986
667
1105
759
461
794
1793
1115
2190
212
217
1810
286
1251
746
553
353
307
1343
1276
896
788
1740
1567
1202
2286
1121
1627
933
1640
387
1748
1233
230
1156
855
1341
1338
7273
940
1179
6799
7249
1092
714
633
665
1603
2882
2868
805
740
1888
10221
634
15901
564
2052
1162
153
630
1918
754
1435
172
269
506
1307
969
903
500
1997
228
1350
1284
370
829
1476
305
349
1434
261
11756
487
652
1092
1191
526
1536
1420
944
817
1349
1092
2086
1040
576
333
1170
566
497
1425
449
770
1017
1408
1498
1098
766
464
59
315
1262
3239
2352
1215
522
1559
1124
1223
431
758
468
411
1523
1828
1573
3233
