1413
600
1157
215
671
1613
1395
1169
1352
2070
746
790
1068
598
843
1156
1270
2053
899
933
1944
564
255
588
946
2037
1056
709
1010
1410
394
278
486
1513
698
1530
1216
653
511
1163
666
2095
2017
2414
876
651
1642
1882
480
1710
231
1554
1743
1302
478
1245
1159
1650
1975
1659
930
1094
952
846
2054
785
2198
2380
1862
1446
438
576
1280
942
1613
1572
1636
655
1450
1902
1852
1586
795
1978
1378
1573
333
1885
908
1725
1453
1899
2451
294
769
222
1737
1428
1922
1198
1805
1041
572
1111
2114
811
798
605
444
442
1938
1570
1517
481
1583
1683
842
1554
565
1013
738
2384
1114
2882
475
541
1109
1326
1193
1410
1370
595
848
1088
828
1627
516
714
1568
272
1275
1549
784
649
400
1181
682
1224
2068
1540
1192
1730
1528
1688
680
1544
909
1535
1615
808
1925
1569
1768
568
1564
1057
1109
2262
305
1589
841
677
1092
2275
2121
982
1060
1721
723
550
1679
1453
577
77
2135
870
549
988
2559
1621
1263
352
1470
403
2019
1205
737
235
2108
1189
1753
1350
1783
688
1771
1682
960
2429
858
312
803
2165
363
2663
455
786
631
863
633
1792
2537
1155
216
1372
2160
1455
1442
63
724
993
1359
1548
877
937
576
2136
840
1260
2408
787
1289
662
1125
2237
2149
1852
941
1523
1315
1769
182
1107
1220
1114
1075
1026
2011
1584
1857
1097
1930
1329
1085
209
1337
1383
2019
315
272
1532
1582
1097
2125
621
337
491
526
662
970
477
407
2742
2312
891
1305
798
286
2005
2756
811
1725
1162
1594
1059
1567
1422
1069
456
1460
601
1158
1082
784
378
990
1419
212
1251
993
1115
1685
1526
1402
1711
647
2453
592
1850
1572
1627
1171
2000
1405
713
1604
1250
926
407
431
129
1612
351
1386
249
421
1506
1167
1702
1762
506
1024
862
1575
769
1080
483
1280
3060
349
1089
663
2464
1231
429
1578
1784
2354
644
1543
1703
925
1995
1414
515
1659
739
537
983
828
913
1172
714
1142
1389
552
957
851
582
873
382
1913
2124
1797
539
1014
1219
1147
182
1645
1645
1050
959
743
1337
441
1896
522
1607
1581
438
671
1229
143
709
314
1646
788
1441
1283
1111
1489
1296
1076
1064
998
1364
1339
1015
1328
1508
2398
746
2120
1359
1121
650
1300
138
2032
843
876
646
607
635
1979
645
846
1109
921
1635
1598
1571
2006
1249
512
845
1923
1601
980
495
471
564
614
350
885
1226
1277
1855
1091
1530
1554
1707
1032
700
2637
2035
2443
253
1563
2101
471
1045
363
2583
858
1411
1138
2499
836
1248
1264
600
926
1897
1012
417
527
1239
1656
728
204
1418
1610
1557
1007
1168
1394
1503
1675
1167
1299
302
1529
1058
1707
1976
597
419
454
972
719
1833
1950
949
1719
941
2689
1805
931
1405
355
1236
1668
841
850
86
1606
1147
1903
1156
1056
388
1360
811
437
1646
406
482
360
700
703
1233
1569
542
1174
495
1621
2493
1586
849
1423
2320
1909
2155
402
2399
1574
305
891
1816
815
332
745
1664
1314
2302
1864
366
2650
2451
1667
805
609
1399
1427
612
1128
1452
1829
1637
1522
1099
1013
919
1479
1301
834
139
1389
1455
424
977
766
593
1238
1463
1323
1195
2292
960
1977
641
1348
1212
2129
572
1243
1258
2400
1658
2340
818
489
268
1241
1483
1544
2183
1789
1464
343
626
2140
1293
2617
490
1419
1233
230
656
1570
1435
1745
1143
416
263
2659
1377
1255
1702
1435
1723
839
1467
1079
859
99
1038
972
2098
2411
1623
1313
2488
807
147
906
1622
174
1489
1781
2056
1584
992
1733
1391
1320
1362
1687
1802
1428
1032
1241
1645
1582
1286
2050
374
1046
174
1371
502
1467
1788
2078
225
1421
1952
1191
2271
1060
1095
2345
836
1339
876
887
1211
847
2296
1902
2259
818
515
586
530
1006
283
1363
672
738
1692
924
503
1707
1278
1981
577
1753
232
885
984
201
1275
168
2022
1053
484
707
1458
2023
938
1867
1551
839
783
2271
2220
934
2119
1246
343
877
2455
897
1331
620
1206
2030
761
1742
238
1439
1071
370
910
2332
1172
2020
2010
1388
1276
423
1216
255
702
1728
1080
1966
247
1427
1690
1312
1368
541
623
1667
677
721
880
1872
1630
522
1172
183
437
657
1065
1199
566
1110
2344
1057
2156
284
354
1722
2382
885
2223
1823
1079
725
797
203
1345
845
968
974
1067
769
2254
462
1387
1951
415
1934
798
2049
427
1733
1230
1084
993
1100
822
346
1982
330
710
1653
1436
2607
1769
1500
1522
1343
1411
152
1952
669
1286
389
1733
1397
1449
955
1277
1480
360
749
1742
2134
1511
1350
1999
1244
885
724
1413
1470
710
1875
1138
666
846
755
663
537
1568
1111
867
751
1506
594
967
410
501
2100
1509
914
860
1747
2254
879
912
545
1354
1915
1898
898
1065
1354
1634
1198
1015
749
388
894
986
648
2238
137
1479
803
1599
374
1318
588
1209
1480
1811
1032
1671
1323
366
2112
1301
1188
1400
1328
1596
183
763
930
603
668
431
1732
1266
1405
1416
471
272
743
1196
1460
521
827
438
696
2133
2302
1742
796
294
558
2715
2002
1166
782
1537
819
1548
2235
932
1258
1474
1587
1270
493
801
358
1390
1638
1757
637
1538
1371
1657
1841
993
638
908
2337
1163
357
1162
1721
1845
509
670
1060
1405
541
1253
1055
1625
1282
1596
966
1576
1553
1171
741
648
955
1757
1384
969
1108
1276
939
2425
352
865
2000
1783
329
1900
1541
1431
345
741
1347
1132
798
424
1688
2546
1212
792
642
1604
500
1457
1009
1735
697
1222
1521
529
2592
1020
1867
639
377
220
1295
1010
1062
942
1568
631
1158
1168
2567
792
1437
1234
2244
1745
255
1457
995
1109
851
1095
2479
916
1203
2074
1401
1538
1105
299
1998
1753
928
815
219
1330
1063
2718
1593
1305
287
815
2603
1805
459
1950
274
753
1719
1339
1581
1228
650
926
88
465
478
522
915
1117
504
518
2289
1380
842
2038
2233
2292
869
236
793
1331
370
1230
766
201
893
1013
1496
750
1261
1186
820
188
1229
1691
900
710
890
1177
1364
1601
1819
1918
1286
391
226
1341
1982
1594
1461
1443
1458
1150
690
272
1461
1305
327
532
834
556
374
867
828
1373
1972
1650
2192
634
1653
606
513
1077
1637
1233
1830
788
1761
1058
2135
802
127
1529
475
1613
1018
886
1445
1483
576
628
1519
923
1750
2936
1087
834
281
1296
644
698
1718
158
1428
1137
865
806
1937
696
1060
1240
1402
600
563
1453
585
1604
1248
971
879
1073
101
1733
948
1099
1507
1138
1061
2930
2810
1893
997
679
826
1384
768
2369
613
1619
1438
899
1498
1973
357
2129
429
979
859
192
1648
1828
1548
984
1299
1616
880
1690
1339
681
457
1509
1121
2190
2214
812
1593
948
1491
512
1033
269
824
551
451
2261
1857
1239
556
633
1281
917
1552
637
885
1310
288
283
134
1098
367
1503
1203
1059
1564
705
1551
1219
645
1566
1068
1154
736
1385
2025
844
2069
1942
1127
543
1963
1180
1650
516
561
910
1804
834
843
726
1600
660
1669
1242
1130
1661
1935
752
1319
582
322
1059
1069
543
775
715
537
598
1073
684
1782
1978
1502
1368
1791
349
1203
1361
942
1679
635
862
743
1213
1694
2280
2040
906
1780
989
554
1503
1127
596
1003
838
2297
1192
1846
43
1670
2450
558
2178
1852
1142
522
963
1329
1047
1231
717
824
1323
310
527
1513
1402
243
1722
1984
1972
674
242
2027
960
549
765
848
471
1471
2083
1371
1517
1678
1256
1546
894
841
1184
2052
2538
1678
302
157
523
2527
961
1209
895
1618
2163
2107
1446
912
728
1115
2284
606
2396
1282
1182
656
952
1374
270
836
489
1254
1248
1022
1385
2148
1387
1172
895
1513
2141
745
1926
1980
643
371
1880
515
1757
2475
479
824
1029
341
1494
881
1295
2005
176
394
1674
2325
617
1548
587
1712
1030
1520
777
1096
921
823
1589
269
934
710
1045
1552
1085
808
1303
485
1578
421
1895
2093
2416
924
887
1257
989
661
1816
371
571
1850
726
1809
388
1287
1748
769
1034
859
711
555
1197
394
307
1366
687
1956
1733
625
1445
1692
540
1570
603
693
1447
1543
1610
531
1581
1074
1242
1387
891
1572
1444
799
1758
1036
1048
315
1554
1310
978
1266
2056
1515
1738
1146
1001
1825
575
1588
285
627
897
1059
444
424
998
683
1990
1039
815
1896
408
589
771
1075
650
1715
807
1502
889
1786
1506
324
1519
1955
544
779
374
1737
1194
1030
440
1144
2272
1385
2309
1286
1326
850
1119
909
1116
876
1982
1057
655
584
2083
525
1680
1302
574
1724
2368
1785
1002
2673
1012
1420
1210
770
925
1918
1307
1762
455
1391
1730
617
1837
1072
2119
2053
1033
1017
465
817
1676
1022
2013
56
624
2619
2037
633
506
1461
2255
1072
1913
540
1574
274
393
1622
733
822
2216
1676
1243
624
1516
715
1607
423
1281
1942
358
755
1325
1781
1066
1285
1180
1042
680
1063
1088
1468
2530
431
797
326
1728
1522
514
1114
1332
180
785
744
943
1641
1232
1444
1298
1281
1241
2047
307
403
447
997
345
1375
865
571
2027
260
2010
1360
828
1529
430
1722
2086
1515
1659
2236
1567
2250
1016
1094
1988
1662
404
684
862
570
2160
1256
1198
2537
206
1376
642
2313
1610
78
302
444
754
2169
1008
1304
1794
1100
1693
1990
1832
919
1040
1315
1383
1736
978
253
1645
898
602
1719
2886
661
1180
48
2139
920
1949
1378
528
1315
1648
1680
977
2462
356
1343
869
1015
1134
1474
1309
1966
709
444
1754
904
204
1314
232
1583
960
993
1083
1647
1076
1036
2206
1015
214
349
1382
859
1169
1634
1350
2317
764
384
513
1171
611
898
403
905
2581
1003
1492
588
1258
2063
1849
216
1300
1383
1375
1371
1203
196
1712
1892
2000
1490
1266
966
1132
1055
188
1062
1103
2323
989
576
990
1322
550
1381
762
1051
1193
1212
793
1163
958
1120
1260
1218
383
1013
2198
571
537
1032
2436
1044
1007
1134
1677
1667
1073
478
2145
1563
935
515
1118
473
2074
475
408
383
810
386
2063
1516
673
1013
782
1037
889
1060
1192
1828
2933
478
2499
1411
563
1193
1284
319
1011
1651
828
1883
2518
754
754
726
1210
1448
985
874
645
597
358
1987
2010
1261
1766
2657
827
1141
1731
902
1117
682
1970
2836
1126
1174
334
1310
981
573
2240
593
1775
1301
171
1044
1509
909
388
1424
948
1016
423
1779
620
126
337
1008
419
1026
359
1256
827
1313
495
1005
794
1108
1520
1406
609
1808
1239
136
878
1284
1146
364
1733
825
670
414
1090
1565
2308
1048
1478
991
699
808
1129
599
964
454
1343
1625
538
1342
818
868
2091
2391
938
1265
1300
1414
100
331
477
979
278
114
965
453
1206
1376
984
1687
168
2218
593
692
548
1518
420
1144
1665
1312
1315
1710
944
1493
1629
716
1738
704
1586
1486
1161
1469
1375
1746
1783
1598
2151
2372
594
785
2478
1175
908
732
1161
1047
1078
940
1805
1810
713
1561
1235
1057
1464
1380
700
689
556
1881
811
1309
1896
980
1255
917
834
1001
715
1623
1673
200
976
978
1803
258
88
1256
729
1332
1068
1149
2118
1729
1358
1077
1594
609
1719
1777
383
156
1232
1423
462
1607
832
803
200
1360
684
977
1844
925
1023
674
902
245
203
922
804
2278
284
847
1907
1034
1709
1319
506
263
1243
2042
16
1296
550
1846
759
1662
745
91
1684
1833
220
1491
788
2094
1014
842
599
718
875
1081
1405
676
1665
1037
499
1418
1275
804
2446
1519
908
561
2588
1611
1126
998
1443
591
324
694
1978
1545
1280
774
1853
1086
1791
1041
876
493
1026
1264
430
1844
1467
879
725
350
237
180
788
783
1624
1660
499
1176
482
3104
70
853
846
1052
286
932
1267
2786
1461
1907
562
406
844
631
1251
1337
549
1130
608
1495
2291
803
1110
1570
1664
1064
1608
1485
838
602
933
700
1598
1188
792
1749
1707
1850
854
1096
352
2926
2007
1017
900
192
1194
1642
614
669
436
905
52
1881
690
698
36
1855
1020
1711
834
1316
167
469
1746
1269
738
334
1413
585
1946
1594
703
141
1053
621
740
1523
786
266
914
234
1479
210
475
2672
1571
875
2070
982
1554
178
769
570
1218
1219
264
287
1811
421
1572
1417
830
1843
1370
2967
1352
601
908
594
591
1376
1129
1784
1738
2123
1622
2184
1411
324
237
1968
1113
1348
844
2161
1091
708
704
525
526
808
230
997
2439
423
1459
1500
1845
1268
1521
976
704
312
759
1423
917
553
2161
398
1217
664
272
471
2076
650
1679
930
935
551
1979
774
2445
584
1003
284
813
2106
1249
989
501
524
1511
930
1843
472
2063
1826
1219
1477
2189
1223
393
2027
979
617
1084
1890
1014
937
906
2107
479
1127
566
1837
1793
741
2153
347
1783
414
1400
985
1458
1074
773
2673
1465
1446
597
406
684
1631
1471
1379
1943
363
455
2357
2024
1780
308
326
346
111
1750
1043
1173
1122
1321
1001
1418
473
561
2147
1318
776
1605
1292
861
662
2320
1171
1258
900
1288
1117
998
495
1056
1965
542
1404
983
1561
1757
747
551
1543
732
986
939
129
2073
1047
452
2222
1282
2774
1054
375
257
1043
2136
880
952
1184
2350
1785
1638
959
314
977
1363
1023
649
827
204
677
774
1344
2042
915
1203
956
707
1149
162
2101
418
500
1174
965
1312
956
1058
1496
729
3039
14
1393
1344
1733
438
490
775
1620
591
1160
515
837
865
1973
1455
651
136
1919
1269
674
1778
1682
924
1453
1388
658
980
781
1048
1442
757
1343
822
1048
980
1813
708
558
2358
2388
1430
2114
1089
1533
266
1045
113
848
897
606
659
103
1631
1773
665
1656
462
1767
1766
1227
1112
2532
622
221
2096
369
1306
1031
937
1297
236
1613
581
865
285
1550
913
1711
1205
1810
1426
520
1086
449
822
680
1110
530
597
82
1443
1811
606
824
2042
737
1476
291
1313
480
516
1211
678
1748
1501
1800
700
846
1238
991
1073
365
1067
961
1988
1564
761
885
369
966
1326
327
1249
743
1169
1167
636
623
1708
1206
567
722
707
1498
1144
132
918
491
2177
995
1070
957
1179
1088
1402
891
1322
1939
160
3140
710
1019
329
646
205
547
1787
902
1375
617
1545
1058
711
1298
1086
1320
80
1248
656
512
395
2018
1557
1360
562
1584
1344
1700
1684
1640
1037
1217
1571
2063
1014
447
1264
429
649
909
1059
1223
536
451
1452
1259
1514
978
917
630
1140
1103
1321
486
662
1286
1167
950
977
778
775
1349
1786
352
384
1571
499
2602
528
1067
1081
931
750
277
644
650
1927
1673
516
1063
621
1635
1533
258
2057
193
834
754
1401
470
1282
1162
876
608
2851
572
806
780
735
1005
630
1117
1919
555
800
638
757
2388
2020
326
977
1393
1762
608
1362
336
1629
617
107
825
1526
1035
1709
1692
1053
436
464
558
40
499
764
2029
507
1376
749
809
2043
1040
1810
1391
1444
2439
784
1714
23
1728
1300
516
1310
1639
1140
1747
1569
407
722
519
1417
592
879
769
1472
2985
390
1218
759
325
2075
1894
406
217
305
1057
1652
469
1112
2496
1222
1015
1121
1485
500
863
1664
503
72
1211
1116
864
792
2075
866
1687
1124
918
205
678
1710
367
1348
717
1524
524
1412
1249
683
882
1458
1851
1088
1296
1096
2055
1777
1116
792
2046
252
999
723
660
313
1232
1096
1286
215
948
463
1222
1784
1115
885
907
1348
1276
1796
1067
1925
736
1352
2460
865
766
442
524
1168
609
1186
3049
2125
719
1457
1467
1368
670
838
795
2592
218
2141
1037
2013
827
1128
1131
1158
811
959
2572
749
1387
1187
225
2116
390
938
1637
1089
1027
640
698
1633
2292
464
197
249
1481
1181
1500
181
985
2895
1122
1492
2039
1394
2671
1670
950
1311
1490
581
1446
659
1194
306
430
227
2021
348
984
1043
1633
1807
1250
1915
259
1135
783
2550
1333
1585
1188
817
936
1143
1017
732
823
836
1035
2015
1169
1682
372
957
1323
1352
1467
684
1544
2609
944
1304
1002
553
1749
1029
1758
474
2058
1337
513
1814
1224
1695
1423
1667
2050
913
1603
886
936
842
1657
849
2026
215
2232
1187
2061
1760
545
1830
1715
878
526
940
1657
1278
1236
852
445
894
1881
647
1092
1556
927
1727
1601
849
1406
1110
251
2569
1582
956
1680
390
2387
301
1391
111
1365
620
632
544
1438
1164
1058
2588
1240
747
484
1679
437
1435
761
1697
975
2004
441
2041
251
1988
2424
1342
1294
619
528
1546
1717
1155
1475
1174
2013
772
974
782
1560
1113
483
620
1950
826
1318
1210
993
722
1331
1238
1044
353
1088
2216
1858
1281
1363
412
1326
1612
1035
1392
659
1602
618
1266
2267
669
146
1558
964
787
1306
1023
1667
381
581
804
1059
1372
394
1250
1178
280
1645
471
2059
1780
673
260
1684
2167
1623
1151
1863
1158
1024
757
1216
821
1258
898
995
1219
1582
528
1929
554
469
244
1214
1638
998
1388
528
1107
2074
2357
2010
2050
1386
2276
1247
599
1366
599
378
687
2056
689
491
1808
364
1974
1679
3061
497
2939
1006
517
1182
916
2449
1019
1784
1418
215
1008
1827
272
1646
1005
1165
1033
1149
930
1157
289
1454
203
1091
1395
1743
778
1653
1124
319
1270
1304
1388
992
347
1156
570
1882
907
153
755
553
700
1943
1178
180
384
688
731
694
588
1760
810
1316
272
1559
1001
804
1752
1172
1410
2341
1240
832
1586
133
1136
558
1327
2554
1698
883
958
2190
987
305
1474
58
873
1926
2196
242
977
1437
442
1483
2103
439
1012
1250
2048
723
890
403
1336
835
1136
502
1073
2049
1320
743
2039
1829
1672
1628
1873
294
965
488
1338
1313
567
1219
1788
1135
186
1016
1183
730
1473
1382
734
1756
1394
1901
783
2344
59
1181
1759
1144
207
447
827
778
409
1556
406
719
1331
530
1919
2002
911
1737
1255
2664
855
1633
623
242
1216
1260
1283
717
950
831
1507
1143
1036
1812
1009
1067
1456
790
416
1125
1439
349
1373
1089
1343
1427
2112
1665
522
1157
1532
1831
1189
1378
1229
820
1412
2736
736
577
1058
896
762
1541
1041
662
1570
1889
1366
812
1297
1061
1792
260
1626
540
1742
1929
649
979
692
951
474
1931
768
1522
1422
189
1218
877
973
228
1065
1824
1683
552
2677
1033
1360
1995
408
1141
1352
1570
1463
1469
1200
671
224
1675
226
2543
1420
940
1254
2120
3033
1300
271
1305
1599
1810
815
1887
1558
187
1460
810
1751
2831
1098
224
1326
540
165
2178
1039
707
771
469
885
380
665
1336
1136
420
797
1427
982
492
798
2564
1841
400
843
1330
1327
1682
663
866
1368
663
1384
2279
433
597
547
724
817
1768
487
1299
237
709
761
952
802
1037
1379
1345
1285
1861
96
930
681
675
1024
509
1069
496
933
458
1709
1568
1093
949
238
1302
713
1652
469
508
1839
652
1444
532
2109
2803
2137
1131
1391
2069
1423
814
1227
1918
704
1145
1034
832
1175
452
469
662
1912
521
721
687
772
1973
537
1018
458
1769
1722
75
265
1084
1611
870
1242
1564
413
2020
1569
1002
1147
2081
308
234
880
993
1759
1179
907
1130
1061
298
623
2048
1247
887
1169
723
1433
1102
598
1443
1817
1833
967
2038
1733
1538
1544
1495
1251
1476
2033
1302
862
819
734
788
1221
891
1732
393
535
1561
1277
1749
1233
1520
923
717
1980
527
1104
2241
1289
617
853
728
211
1301
1357
2046
2205
1787
1378
948
1276
1049
1565
348
568
688
669
1182
1183
178
186
2444
1678
1626
1039
1034
527
1236
554
313
1816
44
1191
881
1435
210
1208
998
1435
861
541
1070
1763
1065
2085
647
1174
485
1072
1242
527
612
2337
1165
700
1520
469
388
623
2199
3190
541
654
641
1378
1576
505
1314
2444
1438
1487
1297
1003
864
589
1465
438
1329
1475
646
193
1637
1329
2132
1628
1890
1292
305
1160
1060
1112
1137
1143
1641
338
420
1331
962
1927
1383
640
871
1897
1108
1121
1357
1664
655
1245
2023
947
1700
1204
852
106
1718
186
548
1981
465
2264
1420
215
903
1948
1820
483
961
487
346
130
1286
852
511
1642
1422
387
1377
1730
1133
990
1159
1038
1871
1305
168
2021
2085
1615
1079
1666
380
963
742
507
1795
434
1139
1856
1244
637
1081
1318
1708
1180
1576
1951
824
645
961
1607
945
1437
650
1621
518
316
547
1257
2408
690
324
1640
1392
1615
1528
1514
2326
1497
1437
983
1915
1084
1193
1746
172
753
2084
712
1929
458
236
993
1141
710
1347
694
2075
1069
1350
705
1011
1685
928
963
1537
1392
844
2051
970
209
930
661
1219
1502
1131
1406
647
561
227
506
777
1313
276
1842
1429
1869
1415
364
1579
721
1049
1291
953
699
474
1050
1506
2008
668
2832
654
1898
1486
1105
1501
345
1324
2105
1012
1527
1676
1063
1592
1272
1827
1635
1694
860
193
1861
1405
859
1040
1806
472
1842
546
622
1847
1547
1254
486
942
995
178
815
1603
2571
1471
502
889
522
1164
1621
1130
1510
1576
1121
395
1322
382
1504
2125
1468
1070
2443
1323
2044
567
1190
562
539
1703
830
1042
1616
331
787
1447
1489
1627
944
1351
522
2374
644
1111
652
994
1732
1148
1365
1043
573
266
1278
1383
94
540
827
411
843
2364
452
1998
177
294
1911
644
1355
719
394
786
480
1552
1300
1807
396
868
1577
743
1107
661
1270
1684
282
1069
1040
764
1562
194
464
800
1335
494
1479
1575
1371
1642
1902
492
283
548
1081
2047
1701
1068
1664
556
1638
1452
127
590
420
1335
261
1190
1021
995
882
1006
1151
309
481
1388
615
1642
989
1897
2335
627
625
1987
2049
993
1281
1884
1999
997
606
580
1226
928
2017
727
1922
1052
1569
3125
681
947
1253
1347
2415
1119
1268
461
1303
1710
1290
1532
468
1260
780
727
1144
1394
1534
1422
414
221
948
1482
1420
1933
608
522
423
659
672
1391
978
605
1965
832
718
1097
1800
622
864
2095
2602
1202
1483
790
2278
862
1145
453
2608
435
507
348
759
724
1667
1966
402
206
443
2301
1473
1061
595
1149
2100
642
1108
973
859
1394
2830
1790
1046
984
1553
986
280
1815
949
971
2067
1044
1080
2085
1123
621
1263
1225
2459
981
1456
1674
615
1041
630
1605
526
967
2051
884
337
521
1897
846
1243
1273
687
1626
1621
1361
2557
1473
1686
917
829
1231
1036
1292
1196
1480
1881
562
1278
864
974
825
1830
222
1114
1427
367
1030
1670
651
295
1783
266
1137
2346
2107
1369
1394
841
773
1533
1161
1248
2436
1300
551
1774
1052
842
887
1416
1629
365
742
1517
1445
440
1351
760
898
1145
1802
1688
1483
908
1455
671
1162
1769
2062
656
1227
412
1025
1321
1593
1972
1055
1090
1407
448
960
1792
2317
1516
802
1374
2130
1123
203
1813
608
461
206
1514
667
1043
902
1116
521
777
1741
1609
1300
2150
402
1719
935
1403
1492
1041
376
429
1135
1457
1413
712
1275
329
2570
1263
193
1775
1111
238
1707
1298
555
837
1147
1845
1956
682
1664
434
1235
1459
858
331
1137
1048
569
806
921
1868
1183
1773
246
2153
1429
688
789
347
1209
2122
639
1008
1038
2252
1186
1050
1533
1696
1128
641
937
2081
1252
2348
1795
2570
442
2004
1868
381
940
1193
1103
795
1940
1284
1356
719
489
2106
250
872
1180
1650
1297
184
217
1052
1248
1163
2020
1485
1654
1666
1753
516
2146
2469
1551
1962
1274
1067
1117
1060
1223
997
951
550
923
1026
375
2270
1649
381
1369
805
941
501
296
1043
560
1831
1164
624
357
1453
1145
1345
687
139
1226
2099
1337
1677
25
364
530
1262
879
2152
1135
871
1740
834
1226
730
251
1337
859
2124
729
181
617
673
1354
403
972
871
1402
774
1377
1041
1056
1857
974
796
2782
1311
1637
996
2212
1196
426
207
809
1086
730
1068
536
1905
1169
611
1953
416
1516
1258
1103
1476
626
1946
1453
970
1200
2136
1619
2093
1444
212
2232
1477
1665
945
2054
919
1191
1239
907
1191
1092
2464
2094
969
1392
835
1167
928
65
1560
842
1363
570
834
1055
794
731
555
1860
614
1174
738
2543
882
1457
44
840
1250
902
836
1702
174
1346
1042
1177
2287
560
746
2854
201
1307
1215
868
1034
935
1656
856
1342
1173
397
1468
613
1455
1471
498
1867
1939
522
1516
890
1532
509
333
1745
2026
148
893
1192
2196
350
388
256
1272
689
516
1185
883
2108
1290
1390
981
2588
1114
1307
1561
2124
1474
194
1396
1646
1246
203
1023
471
1476
858
625
1427
1679
766
652
1282
980
732
1285
735
1648
845
1722
661
505
706
2255
807
2093
724
232
1898
1113
747
2485
1181
1958
621
498
2113
1459
1763
543
1448
895
1524
1261
2000
967
614
230
1439
1346
1410
541
593
2707
1307
1257
490
78
1284
837
337
2324
1524
1398
1798
1454
1889
2142
667
1103
1649
1656
744
1630
544
1755
1167
1202
382
1078
1030
1588
1482
1168
1337
387
1280
1705
1009
927
904
2352
1027
1871
1079
1082
1099
1920
2012
410
663
693
1889
1576
274
606
2556
914
626
924
1026
1055
2019
1128
680
1625
977
653
450
1565
176
1767
2364
1163
536
482
891
843
2326
1830
766
877
1033
462
1921
865
1339
1439
809
1036
739
1441
1306
1701
687
1959
840
1273
1805
1359
536
618
947
2770
2210
1681
1919
417
1120
794
1458
1080
1599
761
460
1630
649
772
297
1669
1445
17
1427
970
195
1610
653
1405
152
1241
1202
1232
1204
1825
250
668
1579
821
666
315
1340
2154
560
1444
1285
626
793
1012
786
1153
1597
1134
281
364
473
1523
1055
983
1403
701
1426
2060
1628
785
737
1386
2887
625
2239
749
824
1977
1406
2058
290
533
1444
925
946
849
1514
864
1444
1397
1880
2313
1856
955
862
3189
1232
2281
1018
676
2118
789
1093
1373
511
545
226
1166
1388
1093
912
833
956
1407
511
1295
811
1700
1107
298
1036
2414
522
443
822
549
1063
1420
472
1651
2245
558
951
1222
2720
2273
1352
1404
341
682
183
219
1220
1919
779
1015
1580
857
1393
878
838
819
731
1307
355
999
1213
737
781
1087
1589
1249
323
1042
744
88
543
771
229
786
586
239
458
1408
2264
1948
787
1616
826
1224
627
2230
1383
472
208
361
701
889
538
1768
808
1010
1182
509
766
979
2242
1846
1634
1175
1373
1697
730
1216
1787
1407
816
920
436
1694
990
1294
1598
985
1252
309
271
1849
722
1722
522
654
1696
2424
1500
587
918
260
794
1757
621
588
1439
950
1316
1244
1228
1265
552
1736
254
1483
1476
130
860
1487
939
2412
148
1561
1589
1284
1301
1190
498
2245
1091
1472
2314
2158
1059
1569
1055
1186
116
294
200
534
1167
1287
1219
2045
1442
665
549
577
1703
1641
1501
630
1010
380
1061
2029
1050
911
442
570
1153
2200
685
2526
824
1756
1065
1147
703
999
1228
1596
1034
671
350
601
705
1295
467
1765
302
1133
781
1348
551
1577
531
1057
197
3040
1005
1294
1240
1392
683
652
689
2119
421
959
1721
1832
498
2888
1363
264
721
563
1914
833
666
374
307
1243
1981
1618
2597
829
1784
862
142
1290
1047
393
725
705
1153
1344
1304
1636
701
972
2260
1628
1531
630
1276
1168
274
1779
2153
2449
550
283
1477
2292
1620
827
1575
514
1009
1687
1084
1030
1187
675
174
1595
1450
2234
1535
989
1333
544
1386
1655
1263
1057
889
2035
951
2190
1829
450
1971
962
1084
1662
938
1319
1590
578
532
1466
913
965
2067
1586
1435
1457
294
1304
999
785
1431
1520
344
807
2028
715
266
1310
263
2196
1578
406
608
1335
1585
2006
802
999
1527
484
1219
250
771
1812
1402
632
941
1802
1879
85
1091
213
1953
198
1122
272
811
390
1471
953
984
1255
1028
1305
1443
605
967
506
839
1146
534
1076
1299
579
1035
1266
1098
1204
533
503
1703
939
208
1479
2543
1201
559
745
873
1629
694
2424
1650
1730
1433
1032
829
1835
1877
905
670
225
755
1587
1300
1482
1383
1235
2015
1973
189
2446
1348
1357
2586
783
1808
924
1973
955
549
1299
1108
653
929
269
979
1648
1362
2782
448
1048
1745
914
3095
279
235
472
1684
823
270
1097
637
1467
1617
2738
2114
799
522
800
909
1318
305
1644
1601
1458
769
1658
1950
443
723
1303
1364
2501
950
701
898
1723
1120
825
1931
703
2108
499
1000
2404
363
1533
550
1700
209
976
309
989
1559
1363
1017
721
2626
2625
561
1172
820
2657
752
2194
836
1712
2395
806
310
220
1242
1259
773
2685
204
1705
1610
1940
1608
1983
1698
1165
1524
501
62
2278
1604
1808
1718
565
1271
1072
1083
992
1119
1524
1594
1098
1466
760
804
538
245
49
297
1238
565
757
926
1021
1815
1391
1408
1978
337
930
1747
1048
954
941
567
1137
220
1283
299
1494
1112
2378
1062
621
1089
1839
634
781
471
1703
483
1835
1075
681
2462
2862
2337
1217
1697
1011
1820
174
829
375
497
1449
1373
679
1012
261
1538
217
209
874
2195
1673
845
1841
857
699
1003
2434
748
1439
1554
2097
1188
1844
1854
1211
643
1136
959
1823
2017
899
924
1696
1975
1398
797
818
422
1123
540
682
2401
2546
342
1027
1942
761
1781
2832
1160
1989
979
1638
733
556
1430
2194
821
1704
1190
436
411
1233
1281
1461
1249
2430
1761
1764
1317
1009
968
975
887
613
694
1119
519
1236
1824
1185
971
1609
1867
135
696
1185
906
1527
477
685
1362
1532
2059
1185
1593
607
1326
2005
1438
1919
316
314
626
242
713
1999
2021
2323
2083
528
581
1375
378
818
1831
1478
1775
2151
513
1242
1552
1265
780
1415
1811
2314
1312
167
1470
1900
504
635
1059
440
1576
1947
1567
1040
438
1093
1310
1232
2675
1087
1248
2033
979
1667
859
715
1513
74
635
965
95
1408
1828
628
1026
1265
2276
1629
2446
1116
1390
2878
1208
680
1143
1360
1116
1255
506
229
1240
557
778
927
1020
438
1235
345
353
1922
1372
306
1127
1074
1688
1499
1265
157
1425
243
1616
779
116
2389
1177
569
1774
1517
1621
1154
1827
1287
1979
2300
951
331
1143
1540
2078
519
1414
1065
1982
937
646
539
1232
1549
755
1748
1888
1313
575
981
584
758
1310
381
2000
1514
1879
788
1308
624
571
1498
1127
808
1373
665
1093
1977
856
2201
1569
1440
1527
1355
1771
531
1612
1074
2089
900
2463
21
2750
1479
1297
1932
1294
1325
1783
885
1297
1889
1416
810
1055
1689
919
564
312
1877
1702
291
2515
1800
1108
968
1208
261
1701
287
612
1410
729
1521
157
428
990
1521
998
1052
340
1589
1545
1330
586
1807
181
2595
902
2244
539
1063
604
479
471
993
2711
1021
1133
1703
1892
783
1335
1674
497
918
351
1796
849
1405
738
686
1622
828
925
1442
2009
519
886
1386
787
1075
253
798
1718
1750
2569
565
1047
1169
644
1607
612
1388
410
886
379
898
1484
1501
1582
753
1416
1121
1042
989
622
1045
1172
1218
1094
928
1836
2045
924
945
1052
1456
1544
738
1501
2071
353
608
486
2044
263
163
579
251
1403
705
893
1732
945
1074
771
840
332
767
1300
1522
444
975
584
1640
1730
1509
1682
2022
1548
83
1724
1070
1868
869
273
1591
1161
1050
1549
818
642
518
1068
1384
1877
1093
1992
1879
1243
426
778
1318
2030
1188
1297
876
1142
1793
562
1437
822
1931
1951
458
2117
2178
1603
465
1469
1457
550
750
1568
1301
1796
1300
2467
1442
610
710
488
2126
1003
1044
787
183
552
839
1585
550
602
1445
1647
1027
621
1343
739
399
1498
523
614
1104
315
2348
1539
691
915
255
584
1816
1780
1697
1183
1214
1808
1659
2558
1658
1942
1848
1647
1967
532
1561
465
1053
587
1836
1058
1701
1512
1727
716
362
370
1042
469
1284
1022
389
965
786
986
812
1628
2416
1368
1064
1029
581
907
2204
847
217
1246
1157
1169
657
1765
1211
2465
1412
917
864
359
1288
1153
1156
362
1590
1380
496
465
430
1055
290
944
1909
1456
1096
1689
1394
749
1440
929
2105
696
916
457
1001
1037
380
1515
1205
1447
307
201
753
541
1677
1094
924
1511
332
1751
2640
935
521
1418
920
1958
907
1158
2187
1427
1871
1761
938
738
1221
1457
1091
1585
1306
1183
476
238
1503
638
1496
472
1321
583
1133
944
1228
1988
1767
538
324
1200
234
1139
892
1777
1320
1819
1472
586
1854
808
236
502
617
280
1664
849
2387
347
1020
1515
1665
215
933
661
587
1028
1025
2126
1616
1655
1501
382
910
1154
1575
1740
501
640
311
965
2261
850
110
1033
977
1277
528
2114
1319
1064
535
1051
1672
1713
1984
320
2215
1196
1090
506
1315
1528
1216
1542
690
1659
1551
1428
397
677
488
1116
192
667
2417
1200
930
255
1431
1340
1131
1392
1694
837
1544
1025
1140
867
2392
1445
784
1274
870
799
660
779
812
152
826
751
873
269
311
966
607
1202
1832
546
610
637
637
588
1285
321
1870
996
2024
1277
1901
256
1756
244
484
525
1164
507
566
1485
594
804
229
2188
593
119
1964
1087
1062
511
753
1571
1489
1033
871
1269
426
561
1582
1222
1311
2542
1543
1112
1676
2055
1782
631
855
1299
1277
981
2283
1068
763
1541
1153
2022
591
2459
1397
162
599
1200
619
602
602
1609
2053
1812
1515
942
1031
1123
1578
1451
545
1189
803
1084
544
882
1387
1613
1225
533
1514
1405
838
640
2773
738
1048
1091
709
1595
1225
1490
1685
1365
194
393
1015
1038
851
509
789
1290
1804
504
2329
2503
108
2056
1186
2077
1204
172
877
286
1443
2088
893
1627
1153
1465
674
814
1088
1124
1735
2001
1024
192
1441
1501
731
1106
1552
375
1438
104
483
121
1045
1866
2557
1125
964
2055
1427
1497
1921
409
1737
168
2026
1312
1180
542
683
1463
167
277
1362
789
1153
1978
920
944
1786
2157
708
1516
1031
1628
313
2387
1898
1922
1935
1528
292
735
1919
992
760
1155
1403
1199
2414
1591
394
1298
883
2262
1777
298
950
361
588
1059
625
1416
2073
2073
1088
1497
1211
928
2121
323
1628
1345
1218
1570
1504
601
501
271
1053
529
621
1418
1896
2108
460
902
792
439
541
1216
424
1410
1101
1040
916
560
2686
738
967
388
1780
1485
747
1126
1246
1184
1042
1383
825
1161
1041
1110
1067
431
897
327
524
1627
1142
1053
1260
1223
1224
1632
1519
693
447
190
898
1359
145
1280
1162
1140
754
1943
2127
1788
1259
959
833
1245
683
788
678
1585
1253
374
696
994
1190
1599
1759
1275
1457
398
985
159
1773
504
1742
1036
648
1969
373
961
444
2394
1436
1119
1257
879
1654
2058
1166
392
1431
1208
641
1146
214
1000
455
1520
495
902
1027
746
1457
1567
1788
2434
231
2300
1642
1670
2245
1769
624
1057
998
2153
599
952
1000
1964
149
590
857
613
844
1853
910
87
153
716
736
1346
2178
178
977
471
1519
1914
1270
1404
947
847
98
2254
432
1917
1335
108
625
1219
1903
1244
405
426
1407
574
1160
624
736
631
2199
1246
2369
854
1836
1977
1277
864
1413
227
466
1482
991
822
999
1461
1927
793
2463
1627
500
1954
2507
850
1239
2608
206
1650
1586
1149
932
1252
303
515
1901
981
183
1931
2313
621
1336
634
816
388
594
711
1936
1290
998
947
1107
1883
1130
312
2230
574
813
1287
578
752
306
1136
833
1565
2267
256
673
2481
2452
670
276
657
1659
1441
276
1436
1334
1074
678
1654
1435
1479
862
1289
1429
2007
683
1079
591
1931
2295
365
1579
171
1441
1721
175
791
823
592
565
1733
1048
1218
858
910
905
527
1155
994
1440
278
2435
1182
393
2216
1264
421
2236
1074
1428
776
720
2189
1048
981
883
1228
1143
1280
1460
2747
628
536
760
1731
1257
1872
1249
968
539
750
1484
1514
605
857
1179
1216
1713
1654
1122
1305
991
984
1008
297
1251
1037
2382
507
1785
1552
1521
1320
1552
1219
390
722
224
2166
1177
1599
543
1395
2226
1807
1312
908
1404
1224
466
1862
2465
981
459
2299
471
740
1575
581
1845
1731
1189
1054
1077
1340
1107
809
757
1740
615
1184
1695
2109
456
466
159
1181
1831
2272
1100
1868
479
1837
1119
214
669
1144
1416
1044
1970
417
323
1102
1222
1529
1247
705
811
1644
1632
2053
988
1378
454
292
993
1938
764
1819
444
1202
1364
495
230
655
1352
1229
623
1012
997
890
406
677
937
732
646
336
863
1375
478
1120
2063
2394
1004
1096
2781
1425
2422
1673
1597
161
2050
2088
673
1195
1452
2326
46
438
2084
634
1470
670
1758
1676
2338
586
321
1099
1847
330
417
1355
1749
1469
2482
1347
1222
1507
1143
1106
587
708
566
306
795
315
2229
1318
1323
851
1847
1225
1549
200
1364
728
1958
715
404
1252
1505
1156
1952
570
1288
2129
1258
1668
461
1965
334
478
1056
1630
646
1417
1474
1225
1332
637
1135
788
1225
1588
480
1523
555
1981
1198
870
1588
778
595
800
1790
1238
1038
944
833
271
299
168
1712
1542
810
1439
690
1386
2230
940
335
305
915
532
1502
1842
2231
1155
385
1152
1040
1422
2466
370
942
218
1314
1018
468
905
1412
1224
671
175
1089
450
1125
536
718
1509
562
930
1006
1567
644
390
495
608
1662
1968
1720
606
529
1969
1617
1562
1685
2130
889
1869
1423
917
2523
1416
938
764
2116
512
825
846
1352
1057
1286
2016
1415
1350
269
1129
901
433
483
954
2670
1051
1561
1693
225
1072
1509
482
783
761
160
1341
681
1312
686
1860
2475
685
809
512
1694
1419
1695
971
769
2318
1757
433
1419
893
1132
725
1918
1366
620
1402
1950
630
514
2096
515
896
1454
2973
2252
992
1032
1371
1269
1338
767
1015
523
908
1510
1411
161
1880
1688
1071
252
875
650
886
1275
726
2037
860
1637
1869
889
442
1562
1542
2133
2104
744
2932
1756
1458
840
1158
1019
1067
474
1635
434
1978
955
1667
1479
1729
160
995
1710
1238
1812
86
742
145
2137
857
454
1141
101
1217
220
838
993
1788
1693
840
921
1880
2398
1010
1333
791
1691
919
558
1579
646
1954
2315
635
954
1314
1771
1712
596
1388
2457
2712
764
1556
1236
2483
1202
448
2410
396
72
523
180
621
504
1027
1240
1752
552
1223
1126
462
1750
582
374
1373
817
1039
622
450
2277
2166
377
1480
495
1164
2656
798
1287
1970
1028
2249
1401
980
1686
358
783
1294
776
1003
1087
1692
1564
2221
1237
442
1400
1193
722
812
445
1500
352
767
808
1885
653
1209
813
775
1301
1290
670
982
282
1175
1969
1442
169
1685
325
1007
1369
942
1671
1859
1468
1960
712
1879
524
1570
601
1481
1189
1347
576
359
608
1149
1338
1251
131
1320
2158
978
672
1208
1727
1457
776
1540
427
440
1568
1756
749
461
1789
1367
1131
1085
423
767
1460
300
1154
2119
1870
1203
2008
1223
1829
473
304
666
1596
454
1167
909
101
837
1094
1446
1584
519
647
1289
894
1903
1500
1109
1150
1115
1482
662
985
1601
1253
2287
878
1217
654
1322
202
244
1741
788
1181
23
1945
700
631
2249
422
799
1821
966
1285
1571
1447
1708
1196
1397
1164
752
850
1902
563
1351
282
1503
547
1534
217
300
1591
457
986
1127
336
458
509
1942
2034
890
319
2221
580
1074
528
588
1482
1260
976
1780
796
701
1255
601
1005
1721
477
1058
1285
109
1355
1222
411
241
969
796
981
925
972
867
566
1504
1060
1836
1321
1139
545
366
696
193
2695
842
1958
1259
1674
796
1608
112
611
2062
824
1600
2399
1093
2320
1292
663
2125
1696
1893
1792
2218
1232
1709
934
398
1922
573
294
1249
307
1053
1311
1452
102
1437
1516
830
925
2101
1560
956
991
629
1513
1213
1136
726
912
2544
992
1685
2462
2077
2308
537
1900
754
2097
1237
534
367
1934
1580
2037
807
1240
141
791
1734
1971
1225
1007
560
915
1174
1228
318
1580
347
1905
927
253
1755
923
994
381
1788
1427
480
997
1765
1456
1918
978
570
1266
895
817
503
979
25
1137
969
194
543
525
2084
113
1296
648
734
1192
605
1810
2565
61
1102
764
749
1225
1049
997
1715
1677
776
1896
1875
1163
1706
2030
1229
1097
1331
1651
531
581
531
559
1026
2149
1327
601
591
1059
1363
1184
808
1240
1769
455
636
1003
1496
432
392
445
1381
865
883
1118
1838
362
1107
568
1254
1245
1142
1530
1740
772
1163
1348
797
741
1775
1385
1395
747
554
2298
771
1809
665
652
2749
817
1005
1639
1387
933
291
1363
1447
1233
1243
1098
812
1589
1292
1235
1277
754
1610
1471
389
747
2049
1024
227
1780
2727
1453
1494
893
1130
1692
468
1643
421
1840
1154
1441
2696
1269
890
1144
1633
1268
1417
1513
370
1744
912
1327
1765
883
161
895
692
1556
212
264
2701
1381
1199
1079
1701
1280
1623
1846
485
609
2869
909
809
2068
1592
2746
1361
1889
202
1313
513
508
1644
1700
652
761
463
228
1932
1698
1651
590
1456
901
206
862
1174
458
2295
1467
1161
603
1697
750
2149
1992
775
2158
1695
1788
288
916
1965
1039
2273
1195
1836
960
1215
1101
1814
359
1773
861
1139
1522
936
1470
2265
337
1747
496
814
2145
839
711
1487
518
1301
419
1357
1892
912
1037
1188
270
1239
585
981
931
1318
384
879
463
1942
2111
924
2362
1641
1027
973
1659
771
1929
1334
884
2060
1191
1499
1437
233
1132
1298
1369
1024
1126
1822
1613
344
1240
1503
1522
1757
2067
923
1865
1500
1999
1836
2630
1386
650
988
814
2212
1329
616
666
1583
2013
755
1155
1097
862
704
412
1071
466
2190
1984
911
442
1246
1093
560
2196
1810
318
336
1232
1297
1470
1917
1042
1705
1073
1371
1094
1098
531
856
978
1152
1173
1278
1574
494
953
724
1476
392
2013
1455
1034
1758
1224
1873
1416
1829
704
287
1181
1312
488
649
1167
892
2173
1829
1815
1378
1055
548
1462
1204
727
823
936
850
1127
1114
762
1106
520
733
134
1437
1447
420
544
962
1732
1507
1104
2037
1538
1977
1042
649
1596
1854
283
296
487
648
2101
980
2387
802
1227
803
1438
1676
1858
802
391
718
1589
384
599
314
2900
1825
1270
954
321
1528
597
840
283
660
1024
2029
1886
1495
645
1721
2202
1654
1313
989
725
796
773
1392
896
802
1890
529
548
1015
1666
2236
1901
895
696
1290
883
569
1258
978
801
1457
670
1198
690
1483
707
1004
596
938
2447
1108
1068
253
321
117
1071
1048
1286
1560
671
2033
747
1343
226
2062
1946
1024
1728
1261
109
1082
1452
568
1871
1455
207
798
1852
2167
991
1834
1008
1405
2015
419
412
2166
1357
480
2034
1993
928
1817
1063
2889
1154
480
1116
1629
1100
1857
1068
299
593
1436
2239
624
1510
898
241
685
1162
2062
1866
620
540
800
878
1952
2531
358
328
1251
648
637
1535
2049
345
1030
1703
1569
1121
1713
2355
1036
1163
1176
1542
1442
723
1717
913
250
1128
1503
1750
951
186
660
412
150
2658
438
491
1053
864
983
1199
1904
2022
1334
151
1378
1703
802
1791
909
1696
742
805
696
2189
614
903
478
1876
1355
433
939
1234
793
1175
1182
1253
495
668
853
190
840
1870
1971
1045
1461
1975
1693
1540
1364
909
1170
1649
856
1128
2118
1825
1194
1165
464
349
1532
1657
1594
1315
1105
1141
149
412
1493
857
620
645
914
1916
2790
1401
1445
1902
954
2038
185
1105
1866
183
1638
1618
1701
752
1782
1295
997
2010
1502
854
1095
1276
1512
1294
608
1645
1069
2022
425
758
606
883
1728
790
1383
1671
210
778
1176
861
1501
1762
632
517
942
543
1432
53
2069
261
1470
1795
537
878
1943
455
589
2132
1255
791
1691
296
1765
318
1539
656
714
283
2298
2375
771
1343
590
2477
1226
1845
1272
800
441
1193
48
1060
1038
2549
43
991
2053
605
1114
680
1116
282
417
1633
1493
1830
816
1994
929
1169
852
187
1742
1848
406
1346
847
1242
2951
1764
973
1124
1985
2023
202
1920
2140
412
756
1683
799
2162
1340
807
1375
1880
1290
759
522
1717
497
523
922
580
592
508
909
654
738
1533
1206
676
1249
620
759
1565
1578
1631
1316
1054
450
2248
1312
1849
597
925
1339
990
744
879
529
977
2885
988
1982
890
1954
436
1339
1586
1234
536
781
301
991
1497
1170
1961
541
1828
1043
925
803
541
625
1164
785
450
1732
1164
826
2707
1653
767
1206
2581
384
584
2061
864
1214
1133
658
1539
1269
2021
1116
1920
640
680
1726
817
484
1101
622
336
1991
424
814
1684
654
575
1687
1285
1460
1795
1233
1648
1075
1253
774
408
862
1394
1115
1399
1448
2067
1669
1350
2116
291
2200
1124
796
556
2134
930
1937
1743
1373
766
1126
942
1089
625
1191
1507
639
920
1822
1894
1676
214
1144
473
606
898
1557
1653
949
861
963
1434
630
2579
1246
927
870
413
1800
2465
590
1965
745
1559
1599
1056
988
380
1530
1907
751
177
1627
1709
1846
513
560
754
1859
1060
1955
2593
768
1890
427
736
1770
2239
940
1362
2587
1749
1833
1148
234
741
385
2753
1092
1050
409
1900
550
1561
779
225
371
837
1054
776
626
767
289
544
2236
1393
1231
989
507
917
1609
1916
1029
760
1758
723
301
943
815
962
1338
2653
1594
848
925
1074
279
1312
1784
408
471
1323
1007
409
1459
1969
1530
684
357
1073
877
969
226
2107
726
1564
1690
472
1380
1421
2317
1141
1325
1260
1944
709
1025
1148
1164
2288
191
681
513
838
2038
983
1425
2509
1101
1095
1717
1282
494
1555
730
604
1080
928
875
722
307
2224
528
369
1513
1592
1216
164
1373
874
1595
2184
742
789
294
686
689
2221
1157
2020
1866
981
491
2283
1364
2125
1452
1254
1331
588
1914
1051
2036
582
1019
1906
721
2796
1540
792
690
212
1066
2146
1133
200
2585
926
1147
1187
910
553
858
404
656
1259
265
1683
2586
420
475
2551
908
621
527
1124
786
1352
1547
640
1483
1018
1439
1406
1008
1627
434
993
475
1401
615
862
573
1422
361
1446
728
2493
1031
943
1582
604
437
2408
834
2353
681
738
969
528
339
697
1675
2263
1975
727
299
1485
1207
1615
541
1116
1247
1077
530
488
1537
1009
1528
2132
685
807
171
1542
1876
937
1909
1580
562
316
2128
209
1852
734
2139
2059
1183
1115
2116
1665
1384
311
932
1053
958
2514
633
1499
348
380
878
1563
1895
505
1057
810
1495
1808
1217
629
1423
1166
1644
1360
330
878
1433
628
450
1212
554
530
927
387
1110
1520
775
829
1508
1109
1002
450
712
2184
390
2159
305
2708
501
952
1564
404
1253
1627
1837
1018
1337
1246
489
1331
1073
1742
1090
2446
2170
899
565
671
653
538
1673
1146
1725
1184
2377
873
238
96
924
1132
289
570
388
420
1063
1339
1353
2149
1572
218
803
1195
538
2093
802
1436
693
962
1528
303
1360
1216
1019
2392
311
2234
1178
850
1418
1171
1261
1879
1796
506
1096
170
905
873
226
834
1075
979
1278
1060
1528
1414
192
938
2330
982
2122
381
1155
1046
1007
1405
668
169
2158
248
811
2512
1198
1811
850
666
1276
1977
1477
2281
3046
525
983
880
1613
307
2133
1050
1202
1833
940
1019
796
777
1040
1942
918
290
393
1443
2009
931
553
2423
1014
863
1824
245
1905
678
793
375
1220
1849
2508
463
1960
1543
644
1371
1797
2961
1396
2233
1057
589
1463
1789
1073
1580
836
976
1458
1901
561
1529
1152
1912
1283
1645
1817
411
2415
1851
1725
1812
965
1000
923
2280
1973
640
792
1109
1971
2094
1918
341
1340
70
2422
1880
1184
885
1617
423
1549
2570
1771
902
643
1256
1495
1088
1245
994
1869
886
570
1296
1064
1179
789
381
2991
1889
1819
1372
1448
1188
632
1953
973
1003
1095
750
2347
1318
355
228
738
928
672
1043
1093
990
1385
1433
1199
1077
2217
1361
1556
884
79
485
505
594
565
1856
942
811
1689
1906
619
1424
610
1803
2206
2175
2330
784
858
1126
1212
797
389
1273
2936
1354
1682
1485
878
881
407
1344
1450
1896
491
182
1145
2393
2489
955
1114
1008
795
2124
1208
2028
852
2130
755
529
1188
193
397
654
831
1943
1197
908
1501
644
1024
995
601
236
1200
1129
1603
949
960
2196
2109
1454
988
1622
2114
453
1393
1361
2949
1415
216
694
997
947
1745
2562
1143
559
626
1544
431
985
1942
1247
1098
1093
1624
375
1223
2382
686
1292
2166
864
1300
1763
369
966
943
441
1975
1295
857
1209
1941
839
1087
2401
793
2499
1432
1831
363
596
773
683
482
1425
1414
611
679
587
1435
2102
413
1052
1386
907
880
984
1051
2026
504
1857
777
1604
1546
190
860
1117
723
1267
1397
1873
387
2559
907
640
1111
828
479
1913
1897
2294
560
2153
1741
1277
789
1516
593
183
1810
996
1348
1249
532
1413
253
840
2656
1090
1125
1346
1179
543
631
1334
2010
1118
1535
1593
319
720
887
937
155
1230
417
1510
721
1688
546
1058
1403
1182
1169
1635
1921
1513
571
927
625
1350
606
1877
940
358
2028
1753
1354
1225
1424
1603
551
1546
571
677
1160
1295
532
670
2068
761
699
1037
461
1092
1668
2006
2174
1501
695
899
1245
2269
1947
221
1127
1133
341
1233
1025
1328
1189
1586
396
660
1148
1379
595
1449
1229
1324
431
614
872
1201
1823
1080
1550
1190
1038
1605
750
1601
996
878
1716
1182
1029
1237
292
284
250
1209
1705
1476
1484
1878
739
550
1125
1265
1605
559
274
913
1943
1356
1428
1181
1151
1774
1816
995
1436
1701
1506
1192
1604
178
464
1772
421
1655
1943
585
518
868
1097
1194
626
1362
2094
1785
1635
2066
434
1348
2118
1186
1678
315
266
244
1089
2633
1702
1115
926
989
1500
1600
615
1335
648
666
1296
1475
937
2700
1001
213
1015
1509
2189
380
653
2295
928
1116
2551
1329
379
978
2365
1016
1502
1267
1812
771
1178
2047
962
552
1246
637
1491
587
814
651
855
1113
1308
1045
585
1892
2107
1265
327
561
1261
346
293
783
981
644
1156
1570
1289
884
1574
1164
2216
1441
2041
384
857
908
98
449
957
1766
642
1361
1073
1415
107
1227
844
1089
1090
2116
1207
488
148
753
700
297
579
543
1765
445
1756
237
1661
2287
1038
1889
1162
1686
837
959
1723
529
2442
1405
2268
925
286
905
661
363
1279
2077
1116
393
234
27
1462
1748
1975
926
2350
1857
1687
557
2218
1017
2446
758
2203
699
843
1073
690
238
1738
1359
838
127
951
1167
1739
779
377
489
679
1228
1909
1629
1618
1070
1328
1650
523
993
1128
820
1384
1031
1850
1296
837
794
1075
1164
1807
758
436
1974
786
1139
2643
1260
1735
1504
2457
687
876
755
356
1281
1067
1254
2070
526
1341
703
2006
1299
1236
510
1803
597
1458
732
1179
1034
1040
1031
908
1482
193
1802
1853
832
2232
514
735
1345
724
1604
605
883
1081
784
1383
1004
2040
261
437
533
1017
1676
757
179
834
1513
785
1721
1728
551
1358
1662
1018
1637
358
432
692
1153
898
1574
508
2019
658
1635
1037
2169
1005
1975
1827
293
426
1300
718
261
1431
2334
444
1235
1006
1684
2208
1564
720
342
1852
1460
839
1206
1107
63
564
440
1456
1145
327
2261
733
1610
28
1845
1268
1641
1744
1240
496
737
1816
1549
1172
233
915
992
191
472
418
1216
1644
614
1299
1874
334
845
382
1346
1095
1771
2008
1986
677
1482
517
1115
2246
1769
1591
536
1600
1018
2741
1521
487
276
424
1613
1065
1628
198
510
1162
1727
1279
749
1267
1911
362
1205
1567
1166
2293
784
1394
2471
1332
2292
2444
623
1324
158
1410
1274
1157
1556
1471
1282
2198
2032
1290
1172
1348
1331
710
2029
1238
1532
1197
2014
1116
729
711
166
1113
1459
1997
1145
806
2388
1035
1086
342
1288
1844
1459
1387
1604
591
1048
1262
815
2140
381
2357
1224
621
779
1782
737
1881
577
1519
763
400
1026
883
1651
1114
518
475
367
1347
316
852
1031
295
1540
833
695
1295
1087
1673
1032
1918
963
1094
716
1568
1130
2247
992
2012
1399
1642
1784
1074
1770
819
2515
2303
1295
1660
1194
979
880
427
1471
1146
1476
1313
1964
363
2110
270
731
2060
1827
1367
1268
1529
2021
198
786
1387
671
1873
1289
1033
1457
2340
1897
1693
454
837
673
807
1469
1044
1872
1366
945
593
1020
754
2101
1035
306
1058
786
1531
1346
1105
224
1563
1203
638
1216
1237
128
1082
2424
1104
1387
391
2431
964
242
2012
962
1086
662
2441
1200
623
1409
1438
777
1684
979
1896
1750
344
1012
1110
878
2186
809
651
1088
619
767
1712
2309
1037
552
1115
672
1104
722
743
456
1408
864
909
2170
1815
626
378
984
1750
1336
1221
1638
599
1296
1117
2178
981
2087
323
1427
1204
1002
130
1237
1973
529
655
1993
874
1444
649
1724
1021
422
1255
906
1172
1050
206
501
1250
1983
855
1062
1403
2015
1851
1909
735
510
1211
2452
489
1269
461
759
1011
433
716
334
835
1384
178
1487
1108
405
1596
624
2510
265
347
1130
1141
2153
2023
373
628
456
2828
1259
780
969
1201
674
726
2205
624
367
785
1512
995
947
2030
772
211
1563
2930
645
906
948
1030
507
2031
65
2492
1595
1081
1224
1234
686
1035
1925
1460
1710
1554
1123
2134
1815
190
1501
534
963
506
714
534
270
1783
969
1280
631
1392
301
2564
1291
432
854
1163
183
629
1919
700
1315
685
725
1099
504
2273
1163
1834
1579
371
236
373
2353
1568
1686
1228
840
1640
380
1850
791
1367
241
1141
291
1204
810
125
2472
1070
1379
736
2091
2300
1892
1497
854
1108
490
268
1828
297
1360
1540
1400
511
622
197
1111
1824
668
1924
783
1550
2375
1176
712
1084
856
437
894
1541
1307
829
2214
1524
1113
1516
1951
1463
501
105
1367
932
803
698
1660
795
1584
2137
391
1692
578
918
172
638
2163
976
1684
744
132
977
1115
1562
961
1673
1215
2088
403
289
42
324
1528
1821
405
2117
2233
390
1221
408
1850
211
1806
1304
